model_config_0

experiment end time: 2017-06-01 16:28:43.141586

configuration:
conv2_num_filters= 32
conv2_kernel_size= [3, 3]
conv1_kernel_size= [3, 3]
dropout_rate= 0.1
conv1_num_filters= 16

step:
0,10,20,30,40,50,60,70,80,90,100,110,120,130,140,150,160,170,180,190,200,210,220,230,240,250,260,270,280,290,300,310,320,330,340,350,360,370,380,390
loss:
0.609494,0.427379,0.382953,0.349242,0.32049,0.300494,0.281344,0.27309,0.257575,0.250854,0.241051,0.232633,0.222385,0.218661,0.216254,0.206032,0.205728,0.195733,0.190809,0.188825,0.187579,0.181969,0.182825,0.174336,0.174149,0.171469,0.171231,0.162029,0.154486,0.163916,0.155336,0.152919,0.155185,0.151439,0.148406,0.158812,0.144796,0.144863,0.142177,0.141553
validation accuracy:
0.651584,0.825792,0.861991,0.861991,0.871041,0.882353,0.886878,0.893665,0.895928,0.904977,0.89819,0.909502,0.909502,0.909502,0.909502,0.914027,0.909502,0.923077,0.923077,0.920815,0.927602,0.927602,0.929864,0.929864,0.932127,0.932127,0.929864,0.936652,0.936652,0.934389,0.934389,0.938914,0.938914,0.936652,0.936652,0.938914,0.938914,0.941177,0.943439,0.947964

--------------------

model_config_1

experiment end time: 2017-06-01 16:32:14.909113

configuration:
conv2_num_filters= 32
conv2_kernel_size= [3, 3]
conv1_kernel_size= [3, 3]
dropout_rate= 0.2
conv1_num_filters= 16

step:
0,10,20,30,40,50,60,70,80,90,100,110,120,130,140,150,160,170,180,190,200,210,220,230,240,250,260,270,280,290,300,310,320,330,340,350,360,370,380,390
loss:
0.631151,0.376049,0.322859,0.284111,0.258399,0.238249,0.217538,0.207223,0.191522,0.185355,0.177382,0.163887,0.156643,0.150734,0.146767,0.141884,0.132869,0.130098,0.126561,0.127286,0.11833,0.118563,0.124458,0.11435,0.117491,0.117765,0.116571,0.116872,0.119575,0.120923,0.117924,0.111874,0.120582,0.117797,0.123092,0.116106,0.123818,0.114882,0.124,0.124464
validation accuracy:
0.626697,0.859729,0.882353,0.900452,0.904977,0.911765,0.918552,0.918552,0.925339,0.925339,0.925339,0.943439,0.938914,0.941177,0.945701,0.947964,0.947964,0.952489,0.950226,0.952489,0.950226,0.954751,0.947964,0.954751,0.954751,0.954751,0.954751,0.959276,0.954751,0.959276,0.950226,0.959276,0.954751,0.957014,0.957014,0.959276,0.959276,0.957014,0.954751,0.959276

--------------------

model_config_2

experiment end time: 2017-06-01 16:37:13.109460

configuration:
conv2_num_filters= 32
conv2_kernel_size= [3, 3]
conv1_kernel_size= [3, 3]
dropout_rate= 0.3
conv1_num_filters= 16

step:
0,10,20,30,40,50,60,70,80,90,100,110,120,130,140,150,160,170,180,190,200,210,220,230,240,250,260,270,280,290,300,310,320,330,340,350,360,370,380,390
loss:
0.643932,0.335253,0.278759,0.249629,0.226225,0.208583,0.192761,0.178508,0.172823,0.162051,0.154632,0.150902,0.144698,0.139087,0.133501,0.126356,0.124503,0.12447,0.121285,0.12054,0.118045,0.114269,0.115604,0.113928,0.110267,0.107703,0.109547,0.122251,0.115973,0.110929,0.110409,0.118811,0.119284,0.112557,0.111657,0.12133,0.114487,0.114779,0.119921,0.118882
validation accuracy:
0.635747,0.859729,0.893665,0.895928,0.911765,0.909502,0.920815,0.923077,0.925339,0.929864,0.934389,0.934389,0.941177,0.938914,0.945701,0.947964,0.952489,0.950226,0.954751,0.954751,0.954751,0.954751,0.950226,0.952489,0.961539,0.959276,0.957014,0.954751,0.954751,0.957014,0.959276,0.961538,0.954751,0.957014,0.959276,0.961538,0.963801,0.961539,0.959276,0.959276

--------------------

model_config_3

experiment end time: 2017-06-01 16:44:50.703246

configuration:
conv2_num_filters= 64
conv2_kernel_size= [3, 3]
conv1_kernel_size= [3, 3]
dropout_rate= 0.1
conv1_num_filters= 16

step:
0,10,20,30,40,50,60,70,80,90,100,110,120,130,140,150,160,170,180,190,200,210,220,230,240,250,260,270,280,290,300,310,320,330,340,350,360,370,380,390
loss:
0.69133,0.395041,0.357561,0.331866,0.305437,0.279185,0.269685,0.254855,0.238417,0.229678,0.218959,0.21003,0.201975,0.199359,0.192348,0.187623,0.180165,0.178439,0.171206,0.166754,0.16033,0.157492,0.152042,0.149857,0.145735,0.148857,0.143247,0.144911,0.141331,0.140087,0.128712,0.134411,0.14016,0.134844,0.131594,0.135593,0.131291,0.136841,0.132373,0.137144
validation accuracy:
0.705882,0.846154,0.859729,0.871041,0.882353,0.895928,0.891403,0.900452,0.900453,0.90724,0.909502,0.918552,0.909502,0.925339,0.914027,0.91629,0.923077,0.920815,0.929864,0.923077,0.936652,0.934389,0.938914,0.936652,0.938914,0.943439,0.943439,0.947964,0.945701,0.947964,0.947964,0.952489,0.950226,0.947964,0.954751,0.952489,0.954751,0.952489,0.952489,0.957014

--------------------

model_config_4

experiment end time: 2017-06-01 16:54:32.684595

configuration:
conv2_num_filters= 64
conv2_kernel_size= [3, 3]
conv1_kernel_size= [3, 3]
dropout_rate= 0.2
conv1_num_filters= 16

step:
0,10,20,30,40,50,60,70,80,90,100,110,120,130,140,150,160,170,180,190,200,210,220,230,240,250,260,270,280,290,300,310,320,330,340,350,360,370,380,390
loss:
0.945957,0.332297,0.294649,0.258581,0.240976,0.223147,0.21031,0.195981,0.184725,0.178341,0.16789,0.164106,0.153202,0.151779,0.145643,0.137936,0.137655,0.138549,0.134436,0.129387,0.131163,0.12747,0.125744,0.122648,0.128584,0.121143,0.121805,0.115584,0.11634,0.130696,0.125947,0.120995,0.122294,0.116636,0.132687,0.130702,0.126963,0.13357,0.144653,0.130797
validation accuracy:
0.631222,0.866516,0.900452,0.914027,0.914027,0.909502,0.91629,0.929864,0.925339,0.927602,0.932127,0.936652,0.938914,0.938914,0.943439,0.945701,0.938914,0.943439,0.941177,0.941177,0.945701,0.950226,0.950226,0.952489,0.950226,0.950226,0.952489,0.954751,0.954751,0.947964,0.952489,0.950226,0.954751,0.952489,0.952489,0.954751,0.954751,0.952489,0.954751,0.952489

--------------------

model_config_5

experiment end time: 2017-06-01 17:06:37.700796

configuration:
conv2_num_filters= 64
conv2_kernel_size= [3, 3]
conv1_kernel_size= [3, 3]
dropout_rate= 0.3
conv1_num_filters= 16

step:
0,10,20,30,40,50,60,70,80,90,100,110,120,130,140,150,160,170,180,190,200,210,220,230,240,250,260,270,280,290,300,310,320,330,340,350,360,370,380,390
loss:
0.791467,0.313251,0.278075,0.248362,0.22401,0.211281,0.197304,0.182276,0.173998,0.160804,0.156909,0.149113,0.142222,0.144292,0.144051,0.135684,0.128634,0.137765,0.130001,0.129602,0.125143,0.125934,0.132093,0.130119,0.133451,0.135529,0.136109,0.130282,0.131346,0.130654,0.13338,0.145841,0.140437,0.15807,0.142532,0.134465,0.146232,0.150435,0.145573,0.143866
validation accuracy:
0.678733,0.891403,0.893665,0.904977,0.904977,0.911765,0.920815,0.920815,0.923077,0.925339,0.932127,0.943439,0.947964,0.943439,0.943439,0.945701,0.950226,0.950226,0.950226,0.952489,0.952489,0.952489,0.952489,0.954751,0.954751,0.950226,0.957014,0.954751,0.959276,0.957014,0.959276,0.954751,0.954751,0.954751,0.957014,0.961538,0.954751,0.957014,0.959276,0.959276

--------------------

model_config_6

experiment end time: 2017-06-01 17:20:05.957568

configuration:
conv2_num_filters= 32
conv2_kernel_size= [3, 3]
conv1_kernel_size= [3, 3]
dropout_rate= 0.1
conv1_num_filters= 32

step:
0,10,20,30,40,50,60,70,80,90,100,110,120,130,140,150,160,170,180,190,200,210,220,230,240,250,260,270,280,290,300,310,320,330,340,350,360,370,380,390
loss:
0.902837,0.392478,0.349665,0.320169,0.297715,0.275221,0.25727,0.243579,0.233764,0.225033,0.216785,0.205609,0.198045,0.195839,0.186215,0.181269,0.174955,0.17151,0.17142,0.167522,0.15938,0.155757,0.156366,0.154621,0.151587,0.144927,0.1474,0.141824,0.138733,0.138665,0.140151,0.130928,0.137863,0.133369,0.132279,0.132506,0.134371,0.127391,0.131312,0.135498
validation accuracy:
0.599548,0.834842,0.880091,0.884615,0.89819,0.902715,0.909502,0.902715,0.914027,0.914027,0.918552,0.91629,0.923077,0.925339,0.925339,0.925339,0.927602,0.932127,0.927602,0.932127,0.934389,0.936652,0.929864,0.934389,0.934389,0.936652,0.936652,0.938914,0.943439,0.941177,0.938914,0.945701,0.947964,0.945701,0.947964,0.950226,0.947964,0.950226,0.950226,0.952489

--------------------

model_config_7

experiment end time: 2017-06-01 17:35:32.859148

configuration:
conv2_num_filters= 32
conv2_kernel_size= [3, 3]
conv1_kernel_size= [3, 3]
dropout_rate= 0.2
conv1_num_filters= 32

step:
0,10,20,30,40,50,60,70,80,90,100,110,120,130,140,150,160,170,180,190,200,210,220,230,240,250,260,270,280,290,300,310,320,330,340,350,360,370,380,390
loss:
0.775871,0.363293,0.296091,0.268459,0.244543,0.22553,0.209558,0.199314,0.191047,0.186167,0.175685,0.170546,0.160859,0.159161,0.150652,0.146751,0.147368,0.146775,0.1489,0.141063,0.14141,0.137181,0.143077,0.1368,0.135127,0.14543,0.132918,0.144614,0.126496,0.133976,0.139804,0.136864,0.137079,0.140376,0.129255,0.134952,0.15977,0.150251,0.141916,0.139169
validation accuracy:
0.617647,0.857466,0.886878,0.904977,0.90724,0.911765,0.911765,0.91629,0.923077,0.925339,0.925339,0.923077,0.929864,0.927602,0.938914,0.943439,0.947964,0.943439,0.943439,0.943439,0.945701,0.945701,0.947964,0.950226,0.950226,0.947964,0.950226,0.945701,0.952489,0.947964,0.950226,0.947964,0.954751,0.952489,0.957014,0.952489,0.950226,0.950226,0.950226,0.959276

--------------------

model_config_8

experiment end time: 2017-06-01 17:52:58.490186

configuration:
conv2_num_filters= 32
conv2_kernel_size= [3, 3]
conv1_kernel_size= [3, 3]
dropout_rate= 0.3
conv1_num_filters= 32

step:
0,10,20,30,40,50,60,70,80,90,100,110,120,130,140,150,160,170,180,190,200,210,220,230,240,250,260,270,280,290,300,310,320,330,340,350,360,370,380,390
loss:
0.687499,0.337067,0.279321,0.245873,0.225863,0.206861,0.1916,0.177915,0.168313,0.158436,0.150758,0.145321,0.136653,0.132452,0.128652,0.127522,0.122708,0.114906,0.120032,0.119104,0.114447,0.115177,0.114986,0.121136,0.118165,0.113982,0.109317,0.122979,0.119939,0.10661,0.110934,0.116374,0.115764,0.122436,0.123222,0.126607,0.123531,0.115082,0.118047,0.124096
validation accuracy:
0.653846,0.855204,0.900452,0.90724,0.909502,0.923077,0.925339,0.932127,0.934389,0.934389,0.938914,0.943439,0.941177,0.943439,0.945701,0.945701,0.947964,0.950226,0.947964,0.950226,0.954751,0.950226,0.945701,0.959276,0.952489,0.952489,0.950226,0.954751,0.954751,0.954751,0.957014,0.954751,0.957014,0.952489,0.954751,0.954751,0.957014,0.957014,0.957014,0.954751

--------------------

model_config_9

experiment end time: 2017-06-01 18:13:27.662131

configuration:
conv2_num_filters= 64
conv2_kernel_size= [3, 3]
conv1_kernel_size= [3, 3]
dropout_rate= 0.1
conv1_num_filters= 32

step:
0,10,20,30,40,50,60,70,80,90,100,110,120,130,140,150,160,170,180,190,200,210,220,230,240,250,260,270,280,290,300,310,320,330,340,350,360,370,380,390
loss:
0.805086,0.365177,0.333847,0.300164,0.271545,0.251141,0.233611,0.218237,0.205567,0.194427,0.181889,0.179974,0.176363,0.16017,0.157074,0.155796,0.151298,0.143902,0.144658,0.137427,0.137473,0.129676,0.134089,0.132984,0.122141,0.122535,0.117533,0.121558,0.121645,0.115051,0.116452,0.120456,0.118489,0.123867,0.116648,0.11268,0.12084,0.116272,0.124776,0.120858
validation accuracy:
0.635747,0.864253,0.882353,0.880091,0.893665,0.895928,0.911765,0.920815,0.920815,0.920815,0.929864,0.927602,0.927602,0.929864,0.934389,0.934389,0.941177,0.941177,0.941177,0.945701,0.943439,0.945701,0.945701,0.947964,0.947964,0.947964,0.947964,0.950226,0.950226,0.957014,0.952489,0.957014,0.957014,0.954751,0.957014,0.957014,0.954751,0.952489,0.952489,0.952489

--------------------

model_config_10

experiment end time: 2017-06-01 18:36:48.970174

configuration:
conv2_num_filters= 64
conv2_kernel_size= [3, 3]
conv1_kernel_size= [3, 3]
dropout_rate= 0.2
conv1_num_filters= 32

step:
0,10,20,30,40,50,60,70,80,90,100,110,120,130,140,150,160,170,180,190,200,210,220,230,240,250,260,270,280,290,300,310,320,330,340,350,360,370,380,390
loss:
0.816758,0.346566,0.295879,0.261046,0.232489,0.216205,0.200395,0.186999,0.178612,0.172957,0.161711,0.15541,0.15126,0.145936,0.144557,0.138037,0.148785,0.133487,0.130879,0.126745,0.128889,0.132279,0.12489,0.129495,0.125135,0.130928,0.128325,0.126511,0.126228,0.134696,0.128628,0.131716,0.127148,0.138894,0.127188,0.128812,0.141239,0.126253,0.131242,0.132507
validation accuracy:
0.660634,0.861991,0.88914,0.904977,0.909502,0.925339,0.920815,0.925339,0.932127,0.929864,0.932127,0.938914,0.938914,0.945701,0.943439,0.947964,0.938914,0.950226,0.952489,0.954751,0.952489,0.952489,0.950226,0.954751,0.954751,0.957014,0.957014,0.954751,0.957014,0.961538,0.959276,0.961538,0.957014,0.961538,0.959276,0.959276,0.957014,0.959276,0.959276,0.961538

--------------------

model_config_11

experiment end time: 2017-06-01 19:03:05.048063

configuration:
conv2_num_filters= 64
conv2_kernel_size= [3, 3]
conv1_kernel_size= [3, 3]
dropout_rate= 0.3
conv1_num_filters= 32

step:
0,10,20,30,40,50,60,70,80,90,100,110,120,130,140,150,160,170,180,190,200,210,220,230,240,250,260,270,280,290,300,310,320,330,340,350,360,370,380,390
loss:
0.997721,0.312283,0.26296,0.238249,0.215874,0.198703,0.184928,0.17202,0.162259,0.157083,0.145328,0.143269,0.148845,0.137387,0.134928,0.130478,0.124394,0.119782,0.130095,0.128969,0.118898,0.121445,0.119771,0.125365,0.120292,0.124785,0.116865,0.124704,0.125681,0.131659,0.121716,0.130754,0.13589,0.131546,0.124888,0.129128,0.129299,0.146802,0.135836,0.147007
validation accuracy:
0.658371,0.884615,0.900453,0.90724,0.911765,0.923077,0.929864,0.91629,0.929864,0.932127,0.932127,0.927602,0.934389,0.936652,0.943439,0.943439,0.947964,0.947964,0.943439,0.947964,0.950226,0.952489,0.950226,0.950226,0.950226,0.957014,0.957014,0.950226,0.950226,0.952489,0.957014,0.957014,0.954751,0.954751,0.954751,0.957014,0.959276,0.952489,0.959276,0.957014

--------------------

model_config_12

experiment end time: 2017-06-01 19:30:48.393448

configuration:
conv2_num_filters= 32
conv2_kernel_size= [5, 5]
conv1_kernel_size= [3, 3]
dropout_rate= 0.1
conv1_num_filters= 16

step:
0,10,20,30,40,50,60,70,80,90,100,110,120,130,140,150,160,170,180,190,200,210,220,230,240,250,260,270,280,290,300,310,320,330,340,350,360,370,380,390
loss:
0.821319,0.390926,0.347404,0.310392,0.28963,0.263775,0.253108,0.237172,0.225987,0.218619,0.209531,0.201519,0.195957,0.190125,0.182791,0.179423,0.174633,0.166937,0.164079,0.157294,0.152744,0.152091,0.147811,0.14904,0.146724,0.140569,0.138056,0.137736,0.136453,0.130714,0.12688,0.133169,0.132509,0.130412,0.132151,0.127331,0.119641,0.127873,0.128356,0.130709
validation accuracy:
0.640272,0.830317,0.866516,0.886878,0.88914,0.895928,0.909502,0.914027,0.909502,0.909502,0.920815,0.923077,0.918552,0.925339,0.929864,0.925339,0.925339,0.932127,0.927602,0.936652,0.936652,0.936652,0.945701,0.941177,0.941177,0.943439,0.941177,0.943439,0.945701,0.945701,0.950226,0.947964,0.945701,0.947964,0.950226,0.952489,0.952489,0.952489,0.950226,0.954751

--------------------

model_config_13

experiment end time: 2017-06-01 20:00:59.908598

configuration:
conv2_num_filters= 32
conv2_kernel_size= [5, 5]
conv1_kernel_size= [3, 3]
dropout_rate= 0.2
conv1_num_filters= 16

step:
0,10,20,30,40,50,60,70,80,90,100,110,120,130,140,150,160,170,180,190,200,210,220,230,240,250,260,270,280,290,300,310,320,330,340,350,360,370,380,390
loss:
0.707448,0.338331,0.280787,0.250711,0.227278,0.207998,0.193385,0.183325,0.1754,0.165795,0.158774,0.150265,0.145403,0.140012,0.139735,0.133574,0.1338,0.128434,0.135408,0.124732,0.126246,0.124261,0.120936,0.130058,0.123478,0.126172,0.128874,0.124237,0.126841,0.117997,0.121408,0.119766,0.13839,0.137337,0.130837,0.136505,0.119936,0.133603,0.142253,0.137128
validation accuracy:
0.640272,0.864253,0.902715,0.904977,0.914027,0.920815,0.925339,0.925339,0.936652,0.934389,0.938914,0.941177,0.943439,0.947964,0.941177,0.945701,0.947964,0.950226,0.950226,0.952489,0.952489,0.952489,0.952489,0.952489,0.957014,0.954751,0.954751,0.952489,0.959276,0.954751,0.959276,0.959276,0.954751,0.954751,0.954751,0.954751,0.961538,0.957014,0.952489,0.957014

--------------------

