model_config_0

experiment end time: 2017-06-01 23:18:48.508602

configuration:
conv1_kernel_size = [3, 3]
conv2_kernel_size = [3, 3]
conv1_num_filters = 16
conv2_num_filters = 32
dropout_rate = 0.1

step:
0,10,20,30,40,50,60,70,80,90,100,110,120,130,140,150,160,170,180,190,200,210,220,230,240,250,260,270,280,290,300,310,320,330,340,350,360,370,380,390,400,410,420,430,440,450,460,470,480,490,500
loss:
0.58848,0.399797,0.345229,0.311942,0.27624,0.259444,0.247857,0.230258,0.224931,0.213792,0.201269,0.193802,0.188392,0.179066,0.175438,0.175195,0.170028,0.162951,0.161378,0.155458,0.150047,0.148089,0.144752,0.152373,0.145185,0.146487,0.146881,0.139232,0.143052,0.142253,0.137736,0.140428,0.14135,0.136819,0.148329,0.156579,0.148297,0.15404,0.14781,0.153529,0.139502,0.147512,0.147696,0.162503,0.151884,0.150954,0.150712,0.159982,0.178348,0.168827,0.167615
validation accuracy:
0.687783,0.841629,0.864253,0.873303,0.880091,0.88914,0.893665,0.904977,0.911765,0.920815,0.920815,0.927602,0.929864,0.941176,0.941177,0.934389,0.943439,0.941177,0.943439,0.950226,0.945701,0.947964,0.943439,0.947964,0.950226,0.950226,0.950226,0.950226,0.950226,0.952489,0.947964,0.947964,0.952489,0.952489,0.954751,0.952489,0.957014,0.957014,0.959276,0.957014,0.961538,0.957014,0.957014,0.959276,0.957014,0.957014,0.961539,0.957014,0.959276,0.959276,0.961538

--------------------

model_config_1

experiment end time: 2017-06-01 23:22:08.447111

configuration:
conv1_kernel_size = [3, 3]
conv2_kernel_size = [3, 3]
conv1_num_filters = 16
conv2_num_filters = 32
dropout_rate = 0.2

step:
0,10,20,30,40,50,60,70,80,90,100,110,120,130,140,150,160,170,180,190,200,210,220,230,240,250,260,270,280,290,300,310,320,330,340,350,360,370,380,390,400,410,420,430,440,450,460,470,480,490,500
loss:
0.530272,0.310742,0.265075,0.240037,0.222225,0.205515,0.191451,0.181119,0.176506,0.1702,0.162835,0.164165,0.153769,0.155114,0.15058,0.143031,0.149833,0.142714,0.154504,0.148247,0.148897,0.161076,0.145288,0.139064,0.143256,0.143785,0.160249,0.149175,0.186165,0.162821,0.154506,0.160788,0.158243,0.17286,0.16881,0.192167,0.182258,0.168127,0.188497,0.183145,0.183213,0.179659,0.216668,0.189255,0.201975,0.180997,0.178062,0.211681,0.204352,0.202986,0.195618
validation accuracy:
0.726244,0.866516,0.880091,0.891403,0.902715,0.925339,0.925339,0.927602,0.927602,0.934389,0.943439,0.941176,0.945701,0.947964,0.947964,0.957014,0.950226,0.954751,0.950226,0.954751,0.957014,0.952489,0.959276,0.963801,0.959276,0.959276,0.957014,0.959276,0.954751,0.961539,0.963801,0.963801,0.959276,0.961539,0.959276,0.959276,0.963801,0.963801,0.963801,0.959276,0.961538,0.963801,0.959276,0.963801,0.954751,0.963801,0.961538,0.961538,0.959276,0.963801,0.966063

--------------------

model_config_2

experiment end time: 2017-06-01 23:26:20.359582

configuration:
conv1_kernel_size = [3, 3]
conv2_kernel_size = [3, 3]
conv1_num_filters = 16
conv2_num_filters = 32
dropout_rate = 0.3

step:
0,10,20,30,40,50,60,70,80,90,100,110,120,130,140,150,160,170,180,190,200,210,220,230,240,250,260,270,280,290,300,310,320,330,340,350,360,370,380,390,400,410,420,430,440,450,460,470,480,490,500
loss:
0.527939,0.300015,0.243407,0.212367,0.185174,0.164366,0.157492,0.156164,0.148899,0.142681,0.172938,0.146897,0.136804,0.154469,0.119509,0.153324,0.116974,0.118897,0.118604,0.114213,0.134986,0.129794,0.132636,0.133391,0.145531,0.137517,0.149903,0.141476,0.181279,0.15181,0.138741,0.14572,0.150069,0.143211,0.143245,0.166777,0.153852,0.167089,0.184127,0.170241,0.167015,0.162568,0.168228,0.183491,0.192973,0.199333,0.174995,0.168287,0.261205,0.164487,0.1767
validation accuracy:
0.719457,0.873303,0.891403,0.914027,0.923077,0.941177,0.936652,0.938914,0.938914,0.943439,0.938914,0.945701,0.950226,0.947964,0.959276,0.952489,0.963801,0.966063,0.968326,0.968326,0.963801,0.966063,0.959276,0.968326,0.970588,0.966063,0.966063,0.963801,0.966063,0.970588,0.970588,0.966063,0.966063,0.968326,0.970588,0.970588,0.970588,0.961538,0.968326,0.963801,0.970588,0.972851,0.968326,0.968326,0.966063,0.961538,0.970588,0.970588,0.952489,0.970588,0.970588

--------------------

model_config_3

experiment end time: 2017-06-01 23:32:40.843047

configuration:
conv1_kernel_size = [3, 3]
conv2_kernel_size = [3, 3]
conv1_num_filters = 16
conv2_num_filters = 64
dropout_rate = 0.1

step:
0,10,20,30,40,50,60,70,80,90,100,110,120,130,140,150,160,170,180,190,200,210,220,230,240,250,260,270,280,290,300,310,320,330,340,350,360,370,380,390,400,410,420,430,440,450,460,470,480,490,500
loss:
0.647448,0.407413,0.346367,0.303665,0.274575,0.262345,0.242495,0.225743,0.216489,0.207989,0.199276,0.192396,0.185211,0.181836,0.178128,0.173172,0.165154,0.155816,0.154784,0.154232,0.145751,0.153587,0.146532,0.141932,0.155489,0.143702,0.151676,0.143059,0.147843,0.147162,0.142734,0.143406,0.150616,0.149152,0.149181,0.133196,0.140658,0.144443,0.156134,0.152509,0.15331,0.153224,0.15298,0.16351,0.150734,0.156607,0.160917,0.162435,0.158797,0.151251,0.17058
validation accuracy:
0.665158,0.846154,0.859729,0.871041,0.880091,0.886878,0.891403,0.902715,0.904977,0.90724,0.923077,0.929864,0.936652,0.932127,0.938914,0.938914,0.938914,0.945701,0.936652,0.936652,0.943439,0.943439,0.943439,0.943439,0.945701,0.943439,0.945701,0.952489,0.952489,0.952489,0.959276,0.950226,0.952489,0.954751,0.957014,0.963801,0.963801,0.959276,0.957014,0.961538,0.963801,0.959276,0.959276,0.959276,0.966063,0.961539,0.966063,0.963801,0.963801,0.968326,0.957014

--------------------

model_config_4

experiment end time: 2017-06-01 23:40:54.987663

configuration:
conv1_kernel_size = [3, 3]
conv2_kernel_size = [3, 3]
conv1_num_filters = 16
conv2_num_filters = 64
dropout_rate = 0.2

step:
0,10,20,30,40,50,60,70,80,90,100,110,120,130,140,150,160,170,180,190,200,210,220,230,240,250,260,270,280,290,300,310,320,330,340,350,360,370,380,390,400,410,420,430,440,450,460,470,480,490,500
loss:
0.89165,0.339335,0.301394,0.275564,0.241206,0.229356,0.210449,0.207577,0.186606,0.172373,0.170007,0.167403,0.162067,0.16434,0.150384,0.13954,0.159073,0.147815,0.148507,0.157345,0.14226,0.144837,0.156543,0.136008,0.161226,0.148011,0.164145,0.148484,0.151881,0.176084,0.160547,0.156195,0.160608,0.167834,0.144176,0.139272,0.17846,0.170817,0.145008,0.185287,0.169303,0.179262,0.179351,0.158907,0.168818,0.181162,0.181856,0.166609,0.18867,0.173054,0.201615
validation accuracy:
0.699095,0.859729,0.882353,0.88914,0.909502,0.909502,0.920815,0.91629,0.938914,0.943439,0.941177,0.943439,0.941177,0.941177,0.952489,0.947964,0.943439,0.947964,0.947964,0.943439,0.957014,0.952489,0.954751,0.961539,0.957014,0.954751,0.959276,0.963801,0.963801,0.954751,0.961539,0.963801,0.961539,0.963801,0.966063,0.968326,0.961539,0.966063,0.966063,0.963801,0.963801,0.959276,0.970588,0.972851,0.970588,0.966063,0.963801,0.972851,0.966063,0.970588,0.966063

--------------------

model_config_5

experiment end time: 2017-06-01 23:51:01.116747

configuration:
conv1_kernel_size = [3, 3]
conv2_kernel_size = [3, 3]
conv1_num_filters = 16
conv2_num_filters = 64
dropout_rate = 0.3

step:
0,10,20,30,40,50,60,70,80,90,100,110,120,130,140,150,160,170,180,190,200,210,220,230,240,250,260,270,280,290,300,310,320,330,340,350,360,370,380,390,400,410,420,430,440,450,460,470,480,490,500
loss:
0.653177,0.28089,0.236307,0.201861,0.181708,0.16128,0.151908,0.141134,0.15202,0.178471,0.15535,0.163387,0.145514,0.122516,0.12045,0.116982,0.121929,0.130587,0.135908,0.123416,0.114663,0.155372,0.122276,0.146001,0.129265,0.119872,0.11216,0.15827,0.127685,0.133054,0.155245,0.130666,0.161332,0.167262,0.147054,0.17156,0.130756,0.128681,0.160033,0.153277,0.139027,0.160082,0.144277,0.167028,0.161389,0.131294,0.15928,0.149701,0.146664,0.16683,0.181453
validation accuracy:
0.70362,0.886878,0.902715,0.927602,0.929864,0.936652,0.934389,0.945701,0.941177,0.934389,0.943439,0.941177,0.950226,0.959276,0.961538,0.961539,0.959276,0.959276,0.959276,0.963801,0.963801,0.952489,0.961539,0.954751,0.961538,0.966063,0.968326,0.957014,0.963801,0.966063,0.961539,0.970588,0.963801,0.959276,0.966063,0.961539,0.968326,0.972851,0.966063,0.968326,0.975113,0.968326,0.970588,0.966063,0.966063,0.975113,0.972851,0.972851,0.970588,0.970588,0.966063

--------------------

model_config_6

experiment end time: 2017-06-02 00:01:58.558201

configuration:
conv1_kernel_size = [3, 3]
conv2_kernel_size = [3, 3]
conv1_num_filters = 32
conv2_num_filters = 32
dropout_rate = 0.1

step:
0,10,20,30,40,50,60,70,80,90,100,110,120,130,140,150,160,170,180,190,200,210,220,230,240,250,260,270,280,290,300,310,320,330,340,350,360,370,380,390,400,410,420,430,440,450,460,470,480,490,500
loss:
0.607411,0.375155,0.327606,0.294861,0.269016,0.241815,0.228568,0.211484,0.204955,0.199728,0.188727,0.177578,0.178441,0.1689,0.16598,0.163783,0.158969,0.157834,0.152894,0.159387,0.147541,0.155672,0.150044,0.156997,0.146925,0.147381,0.143596,0.140892,0.148484,0.148265,0.147922,0.137309,0.143294,0.156413,0.152054,0.154288,0.164661,0.150318,0.153925,0.149895,0.157577,0.166582,0.189626,0.197736,0.156585,0.17366,0.168541,0.175087,0.176936,0.166441,0.16755
validation accuracy:
0.662896,0.848416,0.871041,0.877828,0.875566,0.900453,0.902715,0.923077,0.923077,0.929864,0.932127,0.938914,0.936652,0.941177,0.945701,0.938914,0.941177,0.950226,0.943439,0.945701,0.947964,0.947964,0.950226,0.950226,0.954751,0.954751,0.954751,0.961538,0.957014,0.959276,0.961539,0.966063,0.959276,0.959276,0.959276,0.961538,0.963801,0.963801,0.961538,0.968326,0.959276,0.959276,0.957014,0.961539,0.968326,0.963801,0.963801,0.966063,0.966063,0.966063,0.963801

--------------------

model_config_7

experiment end time: 2017-06-02 00:14:27.493708

configuration:
conv1_kernel_size = [3, 3]
conv2_kernel_size = [3, 3]
conv1_num_filters = 32
conv2_num_filters = 32
dropout_rate = 0.2

step:
0,10,20,30,40,50,60,70,80,90,100,110,120,130,140,150,160,170,180,190,200,210,220,230,240,250,260,270,280,290,300,310,320,330,340,350,360,370,380,390,400,410,420,430,440,450,460,470,480,490,500
loss:
0.609553,0.309503,0.26744,0.238308,0.214033,0.205024,0.186376,0.181078,0.180127,0.168981,0.170161,0.162426,0.156088,0.152434,0.168388,0.156625,0.145099,0.151039,0.141012,0.146435,0.146154,0.159463,0.159987,0.147179,0.161062,0.158749,0.161566,0.155633,0.176401,0.179267,0.154175,0.175456,0.192173,0.171467,0.177951,0.170095,0.181288,0.174812,0.177356,0.200854,0.169954,0.180996,0.19573,0.18943,0.192005,0.225162,0.23595,0.202631,0.191002,0.202257,0.202691
validation accuracy:
0.708145,0.866516,0.893665,0.902715,0.914027,0.91629,0.932127,0.936652,0.927602,0.932127,0.932127,0.934389,0.943439,0.947964,0.938914,0.947964,0.959276,0.952489,0.961538,0.959276,0.957014,0.957014,0.952489,0.957014,0.959276,0.963801,0.963801,0.957014,0.959276,0.959276,0.963801,0.963801,0.959276,0.963801,0.957014,0.961538,0.966063,0.968326,0.959276,0.961538,0.963801,0.963801,0.961538,0.966063,0.972851,0.959276,0.954751,0.959276,0.975113,0.963801,0.970588

--------------------

model_config_8

experiment end time: 2017-06-02 00:28:47.438332

configuration:
conv1_kernel_size = [3, 3]
conv2_kernel_size = [3, 3]
conv1_num_filters = 32
conv2_num_filters = 32
dropout_rate = 0.3

step:
0,10,20,30,40,50,60,70,80,90,100,110,120,130,140,150,160,170,180,190,200,210,220,230,240,250,260,270,280,290,300,310,320,330,340,350,360,370,380,390,400,410,420,430,440,450,460,470,480,490,500
loss:
0.629615,0.290421,0.241591,0.208632,0.191032,0.177496,0.177294,0.170473,0.170053,0.167469,0.141847,0.142184,0.134761,0.128124,0.134509,0.132301,0.117742,0.12398,0.142386,0.125294,0.129927,0.15123,0.153634,0.143982,0.142576,0.14101,0.156682,0.144946,0.158491,0.154083,0.152738,0.170803,0.154293,0.164627,0.16792,0.176195,0.17198,0.192492,0.183419,0.187075,0.168216,0.265494,0.167021,0.185061,0.189935,0.186525,0.18827,0.179625,0.175172,0.206873,0.172597
validation accuracy:
0.70362,0.877828,0.895928,0.91629,0.920815,0.923077,0.923077,0.929864,0.938914,0.943439,0.943439,0.945701,0.945701,0.954751,0.959276,0.959276,0.970588,0.966063,0.966063,0.966063,0.972851,0.963801,0.963801,0.970588,0.966063,0.968326,0.966063,0.970588,0.966063,0.968326,0.968326,0.966063,0.970588,0.966063,0.968326,0.966063,0.966063,0.966063,0.968326,0.968326,0.966063,0.954751,0.972851,0.970588,0.968326,0.968326,0.968326,0.968326,0.968326,0.961539,0.966063
test accuracy:
0.959276

--------------------

model_config_9

experiment end time: 2017-06-02 00:45:10.390784

configuration:
conv1_kernel_size = [3, 3]
conv2_kernel_size = [3, 3]
conv1_num_filters = 32
conv2_num_filters = 64
dropout_rate = 0.1

step:
0,10,20,30,40,50,60,70,80,90,100,110,120,130,140,150,160,170,180,190,200,210,220,230,240,250,260,270,280,290,300,310,320,330,340,350,360,370,380,390,400,410,420,430,440,450,460,470,480,490,500
loss:
0.78263,0.334841,0.289703,0.253623,0.228919,0.215339,0.200532,0.184246,0.184982,0.166383,0.159636,0.163644,0.14695,0.158295,0.16048,0.140849,0.148576,0.148805,0.140459,0.155397,0.141302,0.146187,0.160199,0.147572,0.175533,0.154628,0.168675,0.185564,0.167096,0.15557,0.164865,0.178213,0.185425,0.186407,0.169103,0.178565,0.189635,0.196858,0.199963,0.190945,0.184103,0.178732,0.198239,0.218646,0.225394,0.205913,0.216875,0.220003,0.232773,0.229862,0.216263
validation accuracy:
0.71267,0.873303,0.873303,0.886878,0.895928,0.902715,0.90724,0.932127,0.925339,0.938914,0.943439,0.938914,0.943439,0.941176,0.938914,0.947964,0.947964,0.950226,0.950226,0.943439,0.952489,0.952489,0.945701,0.950226,0.950226,0.961539,0.954751,0.950226,0.959276,0.963801,0.963801,0.959276,0.961539,0.959276,0.968326,0.961539,0.961539,0.961539,0.963801,0.961539,0.968326,0.968326,0.968326,0.963801,0.959276,0.961539,0.961539,0.959276,0.963801,0.968326,0.966063
test accuracy:
0.970588

--------------------

model_config_10

experiment end time: 2017-06-02 01:25:06.188485

configuration:
conv1_kernel_size = [3, 3]
conv2_kernel_size = [3, 3]
conv1_num_filters = 32
conv2_num_filters = 64
dropout_rate = 0.2

step:
0,10,20,30,40,50,60,70,80,90,100,110,120,130,140,150,160,170,180,190,200,210,220,230,240,250,260,270,280,290,300,310,320,330,340,350,360,370,380,390,400,410,420,430,440,450,460,470,480,490,500
loss:
0.887181,0.295504,0.249674,0.222044,0.198744,0.172765,0.169442,0.15871,0.163976,0.151748,0.144868,0.136342,0.158072,0.141891,0.13516,0.119335,0.134075,0.122156,0.151841,0.123764,0.125698,0.127507,0.120611,0.121781,0.130974,0.134912,0.13957,0.140718,0.146367,0.143715,0.135393,0.162466,0.155831,0.168567,0.148741,0.163109,0.150157,0.166663,0.153181,0.15715,0.162591,0.150881,0.176736,0.148586,0.166431,0.144103,0.156741,0.174331,0.161011,0.194653,0.191552
validation accuracy:
0.719457,0.875566,0.893665,0.902715,0.914027,0.943439,0.934389,0.936652,0.936652,0.938914,0.947964,0.947964,0.947964,0.947964,0.954751,0.954751,0.952489,0.961539,0.954751,0.959276,0.961539,0.963801,0.961539,0.968326,0.963801,0.968326,0.966063,0.968326,0.968326,0.966063,0.968326,0.961539,0.963801,0.963801,0.968326,0.961539,0.966063,0.972851,0.963801,0.968326,0.970588,0.970588,0.963801,0.966063,0.968326,0.970588,0.970588,0.961538,0.968326,0.966063,0.968326
test accuracy:
0.961538

--------------------

model_config_11

experiment end time: 2017-06-02 01:30:46.514791

configuration:
conv1_kernel_size = [3, 3]
conv2_kernel_size = [3, 3]
conv1_num_filters = 32
conv2_num_filters = 64
dropout_rate = 0.3

step:
0,10,20,30,40,50,60,70,80,90,100,110,120,130,140,150,160,170,180,190,200,210,220,230,240,250,260,270,280,290,300,310,320,330,340,350,360,370,380,390,400,410,420,430,440,450,460,470,480,490,500
loss:
0.640752,0.28889,0.240074,0.208647,0.183961,0.167887,0.166741,0.170978,0.186582,0.176461,0.174163,0.144029,0.15051,0.14857,0.144116,0.151699,0.136584,0.145216,0.163842,0.148037,0.158901,0.183052,0.172515,0.188878,0.183624,0.187112,0.169993,0.152793,0.186578,0.193684,0.173421,0.172484,0.161447,0.179916,0.169204,0.184672,0.227969,0.161035,0.17274,0.207769,0.220664,0.192159,0.210334,0.240138,0.228188,0.190404,0.218787,0.198298,0.196045,0.204136,0.191961
validation accuracy:
0.748869,0.882353,0.895928,0.918552,0.936652,0.943439,0.936652,0.941177,0.938914,0.936652,0.945701,0.959276,0.950226,0.959276,0.963801,0.961539,0.968326,0.963801,0.954751,0.966063,0.961538,0.961539,0.957014,0.957014,0.961539,0.957014,0.966063,0.968326,0.961539,0.963801,0.970588,0.968326,0.966063,0.963801,0.966063,0.963801,0.959276,0.970588,0.968326,0.966063,0.961538,0.970588,0.966063,0.959276,0.966063,0.968326,0.959276,0.963801,0.968326,0.966063,0.966063
test accuracy:
0.963801

--------------------

model_config_12

experiment end time: 2017-06-02 01:36:59.471799

configuration:
conv1_kernel_size = [3, 3]
conv2_kernel_size = [5, 5]
conv1_num_filters = 16
conv2_num_filters = 32
dropout_rate = 0.1

step:
0,10,20,30,40,50,60,70,80,90,100,110,120,130,140,150,160,170,180,190,200,210,220,230,240,250,260,270,280,290,300,310,320,330,340,350,360,370,380,390,400,410,420,430,440,450,460,470,480,490,500
loss:
0.758426,0.340183,0.307221,0.283648,0.259964,0.24366,0.225861,0.210083,0.201754,0.201774,0.182472,0.173919,0.16781,0.165544,0.169535,0.164806,0.152691,0.15387,0.147468,0.144805,0.151416,0.14279,0.14424,0.144377,0.14212,0.141348,0.147649,0.151338,0.143295,0.1568,0.143763,0.147586,0.142423,0.155015,0.146251,0.141004,0.168976,0.147273,0.137621,0.152413,0.161595,0.1586,0.154145,0.148033,0.185686,0.143589,0.172413,0.14751,0.161126,0.171511,0.170637
validation accuracy:
0.696833,0.864253,0.875566,0.882353,0.886878,0.891403,0.895928,0.91629,0.925339,0.91629,0.936652,0.938914,0.934389,0.947964,0.936652,0.938914,0.947964,0.943439,0.947964,0.950226,0.945701,0.947964,0.954751,0.950226,0.954751,0.961538,0.957014,0.952489,0.957014,0.950226,0.959276,0.961539,0.959276,0.959276,0.963801,0.966063,0.954751,0.963801,0.968326,0.961539,0.966063,0.959276,0.963801,0.963801,0.952489,0.968326,0.957014,0.968326,0.963801,0.959276,0.963801
test accuracy:
0.961539

--------------------

model_config_13

experiment end time: 2017-06-02 01:44:31.776175

configuration:
conv1_kernel_size = [3, 3]
conv2_kernel_size = [5, 5]
conv1_num_filters = 16
conv2_num_filters = 32
dropout_rate = 0.2

step:
0,10,20,30,40,50,60,70,80,90,100,110,120,130,140,150,160,170,180,190,200,210,220,230,240,250,260,270,280,290,300,310,320,330,340,350,360,370,380,390,400,410,420,430,440,450,460,470,480,490,500
loss:
0.595014,0.307518,0.256719,0.237791,0.215903,0.204603,0.186429,0.179158,0.189838,0.164238,0.149956,0.150533,0.149758,0.156199,0.156708,0.145571,0.149997,0.139283,0.135728,0.136669,0.134121,0.147883,0.147849,0.15669,0.145013,0.143193,0.147261,0.164913,0.152006,0.152472,0.156824,0.156469,0.160441,0.158671,0.180663,0.162602,0.173096,0.152104,0.161564,0.169805,0.17194,0.186924,0.182916,0.176092,0.161643,0.177328,0.175335,0.177287,0.198207,0.174665,0.167076
validation accuracy:
0.699095,0.880091,0.891403,0.902715,0.909502,0.929864,0.927602,0.938914,0.929864,0.941177,0.945701,0.947964,0.954751,0.952489,0.954751,0.963801,0.954751,0.961539,0.966063,0.961539,0.968326,0.968326,0.968326,0.963801,0.963801,0.968326,0.968326,0.966063,0.968326,0.968326,0.968326,0.970588,0.970588,0.972851,0.968326,0.970588,0.968326,0.972851,0.970588,0.970588,0.972851,0.966063,0.968326,0.966063,0.977376,0.968326,0.968326,0.968326,0.966063,0.970588,0.977376
test accuracy:
0.968326

--------------------

model_config_14

experiment end time: 2017-06-02 01:53:04.218501

configuration:
conv1_kernel_size = [3, 3]
conv2_kernel_size = [5, 5]
conv1_num_filters = 16
conv2_num_filters = 32
dropout_rate = 0.3

step:
0,10,20,30,40,50,60,70,80,90,100,110,120,130,140,150,160,170,180,190,200,210,220,230,240,250,260,270,280,290,300,310,320,330,340,350,360,370,380,390,400,410,420,430,440,450,460,470,480,490,500
loss:
0.559013,0.2874,0.249458,0.207096,0.192116,0.170732,0.153001,0.163185,0.181475,0.16212,0.146353,0.128197,0.11568,0.129472,0.142268,0.130902,0.125375,0.132957,0.150764,0.133772,0.136607,0.145026,0.139763,0.144773,0.146144,0.142494,0.145566,0.165777,0.159204,0.163575,0.152424,0.170918,0.164076,0.157138,0.164634,0.189485,0.185257,0.187711,0.20701,0.197383,0.188839,0.175618,0.191813,0.179862,0.197912,0.200532,0.189505,0.207679,0.211173,0.192154,0.20881
validation accuracy:
0.719457,0.880091,0.891403,0.914027,0.911765,0.925339,0.932127,0.929864,0.929864,0.941177,0.950226,0.957014,0.963801,0.959276,0.957014,0.963801,0.963801,0.954751,0.966063,0.968326,0.966063,0.961539,0.966063,0.963801,0.968326,0.966063,0.966063,0.970588,0.968326,0.966063,0.972851,0.968326,0.970588,0.972851,0.970588,0.968326,0.966063,0.968326,0.963801,0.970588,0.966063,0.966063,0.972851,0.966063,0.963801,0.963801,0.966063,0.972851,0.968326,0.970588,0.970588
test accuracy:
0.963801

--------------------

model_config_15

experiment end time: 2017-06-02 02:04:23.148256

configuration:
conv1_kernel_size = [3, 3]
conv2_kernel_size = [5, 5]
conv1_num_filters = 16
conv2_num_filters = 64
dropout_rate = 0.1

step:
0,10,20,30,40,50,60,70,80,90,100,110,120,130,140,150,160,170,180,190,200,210,220,230,240,250,260,270,280,290,300,310,320,330,340,350,360,370,380,390,400,410,420,430,440,450,460,470,480,490,500
loss:
0.721372,0.349933,0.306588,0.287091,0.262163,0.245242,0.226792,0.218753,0.202772,0.193609,0.185419,0.178309,0.170623,0.167717,0.170164,0.155731,0.149671,0.157737,0.150991,0.143642,0.135278,0.156443,0.135984,0.156357,0.148914,0.145499,0.144527,0.147456,0.134069,0.129729,0.13846,0.147003,0.14085,0.179327,0.164561,0.141271,0.153973,0.150106,0.150502,0.174111,0.165099,0.170521,0.192239,0.166644,0.165754,0.181478,0.177563,0.173474,0.166136,0.170937,0.174507
validation accuracy:
0.710407,0.875566,0.875566,0.880091,0.902715,0.902715,0.911765,0.914027,0.920815,0.927602,0.929864,0.923077,0.938914,0.938914,0.934389,0.941177,0.941177,0.945701,0.945701,0.950226,0.954751,0.943439,0.950226,0.947964,0.950226,0.950226,0.957014,0.952489,0.966063,0.963801,0.961539,0.961539,0.968326,0.952489,0.957014,0.961539,0.963801,0.963801,0.963801,0.959276,0.963801,0.963801,0.959276,0.968326,0.963801,0.963801,0.968326,0.970588,0.968326,0.966063,0.970588
test accuracy:
0.970588

--------------------

model_config_16

experiment end time: 2017-06-02 02:17:32.179983

configuration:
conv1_kernel_size = [3, 3]
conv2_kernel_size = [5, 5]
conv1_num_filters = 16
conv2_num_filters = 64
dropout_rate = 0.2

step:
0,10,20,30,40,50,60,70,80,90,100,110,120,130,140,150,160,170,180,190,200,210,220,230,240,250,260,270,280,290,300,310,320,330,340,350,360,370,380,390,400,410,420,430,440,450,460,470,480,490,500
loss:
0.876554,0.286729,0.228039,0.208853,0.189803,0.169534,0.169339,0.15491,0.146054,0.136246,0.128923,0.139643,0.124075,0.141707,0.135035,0.122693,0.12242,0.123056,0.123752,0.117642,0.122597,0.1389,0.13397,0.114911,0.115301,0.114612,0.136943,0.122146,0.145614,0.140176,0.155236,0.152598,0.127644,0.161852,0.124112,0.150361,0.140884,0.15245,0.161791,0.184332,0.150099,0.179639,0.158905,0.165163,0.139503,0.190867,0.13705,0.183896,0.182022,0.207871,0.156769
validation accuracy:
0.728507,0.882353,0.909502,0.909502,0.936652,0.936652,0.929864,0.943439,0.945701,0.947964,0.952489,0.950226,0.952489,0.954751,0.952489,0.959276,0.959276,0.963801,0.959276,0.961539,0.966063,0.961538,0.966063,0.970588,0.966063,0.966063,0.968326,0.968326,0.963801,0.966063,0.968326,0.966063,0.968326,0.966063,0.968326,0.963801,0.966063,0.966063,0.966063,0.961539,0.966063,0.968326,0.970588,0.970588,0.970588,0.966063,0.972851,0.966063,0.970588,0.966063,0.968326
test accuracy:
0.966063

--------------------

model_config_17

experiment end time: 2017-06-02 02:32:27.562227

configuration:
conv1_kernel_size = [3, 3]
conv2_kernel_size = [5, 5]
conv1_num_filters = 16
conv2_num_filters = 64
dropout_rate = 0.3

step:
0,10,20,30,40,50,60,70,80,90,100,110,120,130,140,150,160,170,180,190,200,210,220,230,240,250,260,270,280,290,300,310,320,330,340,350,360,370,380,390,400,410,420,430,440,450,460,470,480,490,500
loss:
0.715782,0.262949,0.207764,0.182171,0.168332,0.154683,0.144414,0.152658,0.147653,0.132261,0.13541,0.126254,0.112756,0.11819,0.119928,0.138288,0.125465,0.136744,0.152387,0.141806,0.138675,0.124562,0.14244,0.142643,0.16392,0.147859,0.151975,0.141831,0.137494,0.175953,0.147071,0.180584,0.154592,0.181936,0.143377,0.187349,0.146305,0.160977,0.158466,0.218044,0.144546,0.149332,0.174211,0.182797,0.15914,0.19547,0.194094,0.190588,0.151552,0.171157,0.175806
validation accuracy:
0.751131,0.895928,0.909502,0.927602,0.927602,0.938914,0.947964,0.950226,0.950226,0.950226,0.957014,0.966063,0.966063,0.966063,0.968326,0.961539,0.970588,0.968326,0.966063,0.968326,0.970588,0.968326,0.968326,0.966063,0.966063,0.968326,0.966063,0.970588,0.968326,0.963801,0.970588,0.966063,0.968326,0.966063,0.961539,0.966063,0.970588,0.968326,0.972851,0.968326,0.972851,0.970588,0.968326,0.968326,0.972851,0.970588,0.970588,0.970588,0.970588,0.970588,0.970588
test accuracy:
0.975113

--------------------

model_config_18

experiment end time: 2017-06-02 02:48:15.740363

configuration:
conv1_kernel_size = [3, 3]
conv2_kernel_size = [5, 5]
conv1_num_filters = 32
conv2_num_filters = 32
dropout_rate = 0.1

step:
0,10,20,30,40,50,60,70,80,90,100,110,120,130,140,150,160,170,180,190,200,210,220,230,240,250,260,270,280,290,300,310,320,330,340,350,360,370,380,390,400,410,420,430,440,450,460,470,480,490,500
loss:
0.76333,0.321367,0.283872,0.24623,0.222267,0.212436,0.195439,0.187064,0.176348,0.165594,0.158198,0.155622,0.143548,0.148442,0.143933,0.150124,0.142343,0.143384,0.131391,0.135439,0.133897,0.137817,0.133752,0.137415,0.139023,0.121531,0.131281,0.147913,0.152935,0.144879,0.144367,0.143988,0.147072,0.179349,0.166624,0.146723,0.15548,0.149844,0.140465,0.144048,0.134955,0.165093,0.147433,0.216606,0.157115,0.148528,0.153995,0.171753,0.194276,0.169769,0.172323
validation accuracy:
0.70362,0.871041,0.877828,0.891403,0.904977,0.909502,0.927602,0.927602,0.936652,0.938914,0.943439,0.945701,0.950226,0.945701,0.950226,0.950226,0.950226,0.952489,0.952489,0.957014,0.954751,0.957014,0.961538,0.959276,0.959276,0.966063,0.963801,0.957014,0.959276,0.961538,0.963801,0.963801,0.963801,0.959276,0.966063,0.968326,0.963801,0.968326,0.966063,0.963801,0.970588,0.966063,0.970588,0.961539,0.970588,0.968326,0.972851,0.972851,0.968326,0.968326,0.968326
test accuracy:
0.968326

--------------------

model_config_19

experiment end time: 2017-06-02 09:48:24.865394

configuration:
conv1_kernel_size = [3, 3]
conv2_kernel_size = [5, 5]
conv1_num_filters = 32
conv2_num_filters = 32
dropout_rate = 0.2

step:
0,10,20,30,40,50,60,70,80,90,100,110,120,130,140,150,160,170,180,190,200,210,220,230,240,250,260,270,280,290,300,310,320,330,340,350,360,370,380,390,400,410,420,430,440,450,460,470,480,490,500
loss:
0.758084,0.272737,0.234291,0.20083,0.189482,0.170878,0.152746,0.150676,0.136081,0.1357,0.127495,0.132816,0.12772,0.125812,0.133372,0.125535,0.116615,0.136045,0.108396,0.118689,0.14463,0.108254,0.128579,0.126289,0.133116,0.13182,0.130994,0.140054,0.16093,0.143296,0.137801,0.141726,0.15267,0.127258,0.157166,0.135049,0.153482,0.148521,0.15666,0.14811,0.157345,0.182088,0.153416,0.163488,0.159291,0.176489,0.172423,0.163381,0.171466,0.160585,0.166868
validation accuracy:
0.70362,0.895928,0.918552,0.929864,0.938914,0.938914,0.952489,0.950226,0.950226,0.954751,0.954751,0.961538,0.963801,0.961539,0.959276,0.966063,0.966063,0.961539,0.972851,0.968326,0.966063,0.970588,0.970588,0.970588,0.968326,0.972851,0.972851,0.961538,0.972851,0.975113,0.970588,0.970588,0.966063,0.970588,0.972851,0.972851,0.966063,0.968326,0.977376,0.963801,0.972851,0.970588,0.972851,0.970588,0.975113,0.972851,0.975113,0.970588,0.972851,0.975113,0.970588
test accuracy:
0.970588

--------------------

model_config_20

experiment end time: 2017-06-02 09:53:12.852051

configuration:
conv1_kernel_size = [3, 3]
conv2_kernel_size = [5, 5]
conv1_num_filters = 32
conv2_num_filters = 32
dropout_rate = 0.3

step:
0,10,20,30,40,50,60,70,80,90,100,110,120,130,140,150,160,170,180,190,200,210,220,230,240,250,260,270,280,290,300,310,320,330,340,350,360,370,380,390,400,410,420,430,440,450,460,470,480,490,500
loss:
0.569466,0.246455,0.211006,0.17492,0.169315,0.158067,0.171617,0.161841,0.1326,0.119491,0.118594,0.122621,0.137884,0.132705,0.126231,0.126431,0.124458,0.127561,0.140149,0.156685,0.13881,0.163792,0.142192,0.13887,0.149366,0.145347,0.127397,0.148179,0.151577,0.168957,0.156565,0.165568,0.15453,0.168844,0.172992,0.171087,0.206694,0.170902,0.169437,0.151771,0.149488,0.187923,0.149741,0.14222,0.184417,0.183192,0.189274,0.19238,0.184034,0.191913,0.163852
validation accuracy:
0.764706,0.891403,0.914027,0.938914,0.925339,0.923077,0.929864,0.932127,0.947964,0.961538,0.966063,0.961538,0.954751,0.961538,0.968326,0.968326,0.968326,0.966063,0.966063,0.966063,0.963801,0.961538,0.970588,0.975113,0.970588,0.972851,0.972851,0.968326,0.972851,0.970588,0.972851,0.975113,0.972851,0.970588,0.970588,0.970588,0.966063,0.970588,0.972851,0.975113,0.972851,0.968326,0.968326,0.972851,0.970588,0.972851,0.975113,0.975113,0.977376,0.975113,0.972851
test accuracy:
0.972851

--------------------

model_config_21

experiment end time: 2017-06-02 10:00:44.250773

configuration:
conv1_kernel_size = [3, 3]
conv2_kernel_size = [5, 5]
conv1_num_filters = 32
conv2_num_filters = 64
dropout_rate = 0.1

step:
0,10,20,30,40,50,60,70,80,90,100,110,120,130,140,150,160,170,180,190,200,210,220,230,240,250,260,270,280,290,300,310,320,330,340,350,360,370,380,390,400,410,420,430,440,450,460,470,480,490,500
loss:
0.974062,0.311123,0.271281,0.251736,0.232084,0.217547,0.198897,0.184537,0.17877,0.162781,0.151387,0.147934,0.15764,0.142605,0.151852,0.139752,0.131884,0.131268,0.136349,0.121769,0.13354,0.1288,0.117897,0.110886,0.114157,0.150694,0.132623,0.151806,0.148177,0.135666,0.134767,0.143416,0.11997,0.125952,0.151593,0.131583,0.140383,0.146211,0.143551,0.131391,0.155071,0.13677,0.146825,0.167726,0.147352,0.149267,0.148371,0.162145,0.167573,0.145216,0.170493
validation accuracy:
0.701357,0.875566,0.891403,0.886878,0.900453,0.904977,0.91629,0.925339,0.91629,0.927602,0.934389,0.936652,0.929864,0.936652,0.936652,0.945701,0.947964,0.943439,0.959276,0.954751,0.947964,0.952489,0.959276,0.961538,0.954751,0.954751,0.961538,0.952489,0.954751,0.963801,0.959276,0.961539,0.963801,0.963801,0.961539,0.961538,0.963801,0.961538,0.954751,0.959276,0.966063,0.966063,0.959276,0.957014,0.966063,0.968326,0.966063,0.963801,0.959276,0.963801,0.963801
test accuracy:
0.966063

--------------------

model_config_22

experiment end time: 2017-06-02 10:11:09.553552

configuration:
conv1_kernel_size = [3, 3]
conv2_kernel_size = [5, 5]
conv1_num_filters = 32
conv2_num_filters = 64
dropout_rate = 0.2

step:
0,10,20,30,40,50,60,70,80,90,100,110,120,130,140,150,160,170,180,190,200,210,220,230,240,250,260,270,280,290,300,310,320,330,340,350,360,370,380,390,400,410,420,430,440,450,460,470,480,490,500
loss:
0.954607,0.261335,0.225101,0.189973,0.188857,0.161749,0.143433,0.146294,0.14962,0.135307,0.154901,0.135021,0.125186,0.132023,0.123471,0.10505,0.122198,0.127062,0.117848,0.11321,0.158356,0.165494,0.121933,0.137594,0.128448,0.12381,0.142719,0.129059,0.117323,0.138361,0.132444,0.133007,0.148812,0.132128,0.132754,0.147177,0.144713,0.151977,0.144446,0.146962,0.107338,0.139008,0.151464,0.13234,0.144477,0.161415,0.15334,0.163311,0.161373,0.204803,0.210004
validation accuracy:
0.708145,0.886878,0.902715,0.920815,0.918552,0.929864,0.943439,0.941177,0.943439,0.954751,0.936652,0.947964,0.961539,0.952489,0.957014,0.968326,0.966063,0.957014,0.968326,0.972851,0.950226,0.957014,0.972851,0.968326,0.968326,0.970588,0.968326,0.975113,0.975113,0.972851,0.972851,0.975113,0.963801,0.977376,0.975113,0.972851,0.975113,0.970588,0.975113,0.977376,0.977376,0.977376,0.972851,0.977376,0.977376,0.972851,0.972851,0.972851,0.977376,0.968326,0.970588
test accuracy:
0.968326

--------------------

model_config_23

experiment end time: 2017-06-02 10:24:12.497004

configuration:
conv1_kernel_size = [3, 3]
conv2_kernel_size = [5, 5]
conv1_num_filters = 32
conv2_num_filters = 64
dropout_rate = 0.3

step:
0,10,20,30,40,50,60,70,80,90,100,110,120,130,140,150,160,170,180,190,200,210,220,230,240,250,260,270,280,290,300,310,320,330,340,350,360,370,380,390,400,410,420,430,440,450,460,470,480,490,500
loss:
0.566339,0.250886,0.198049,0.180559,0.156224,0.137342,0.141657,0.150488,0.165984,0.20025,0.127963,0.127866,0.120162,0.122313,0.123115,0.142492,0.11557,0.1402,0.11672,0.161947,0.136403,0.16501,0.123757,0.13987,0.168924,0.162695,0.152217,0.146596,0.142814,0.164403,0.138935,0.161244,0.145346,0.188495,0.162072,0.138997,0.163849,0.129229,0.142906,0.146912,0.146515,0.160612,0.155915,0.167184,0.16676,0.21715,0.143218,0.146635,0.162205,0.163192,0.157028
validation accuracy:
0.825792,0.891403,0.934389,0.927602,0.938914,0.952489,0.938914,0.941177,0.936652,0.927602,0.966063,0.963801,0.963801,0.966063,0.963801,0.961539,0.968326,0.963801,0.968326,0.963801,0.966063,0.959276,0.966063,0.966063,0.966063,0.963801,0.968326,0.968326,0.970588,0.968326,0.972851,0.966063,0.968326,0.954751,0.968326,0.970588,0.968326,0.970588,0.970588,0.970588,0.975113,0.970588,0.970588,0.970588,0.970588,0.963801,0.977376,0.970588,0.970588,0.972851,0.970588
test accuracy:
0.977376

--------------------

model_config_24

experiment end time: 2017-06-02 10:37:20.245365

configuration:
conv1_kernel_size = [3, 3]
conv2_kernel_size = [7, 7]
conv1_num_filters = 16
conv2_num_filters = 32
dropout_rate = 0.1

step:
0,10,20,30,40,50,60,70,80,90,100,110,120,130,140,150,160,170,180,190,200,210,220,230,240,250,260,270,280,290,300,310,320,330,340,350,360,370,380,390,400,410,420,430,440,450,460,470,480,490,500
loss:
0.78109,0.330151,0.287162,0.259193,0.239196,0.217489,0.204506,0.190788,0.181386,0.176097,0.161416,0.164503,0.155904,0.1525,0.153202,0.139428,0.142976,0.139174,0.141446,0.135972,0.142627,0.139461,0.142267,0.151782,0.134947,0.146832,0.160757,0.129644,0.146914,0.151271,0.15318,0.165679,0.149284,0.154031,0.149282,0.172472,0.15585,0.178969,0.158702,0.184699,0.174621,0.146183,0.15011,0.177012,0.159195,0.179477,0.170418,0.198556,0.179063,0.193343,0.191238
validation accuracy:
0.653846,0.873303,0.882353,0.89819,0.909502,0.911765,0.918552,0.929864,0.934389,0.934389,0.938914,0.938914,0.938914,0.938914,0.938914,0.941176,0.936652,0.938914,0.947964,0.947964,0.943439,0.950226,0.945701,0.950226,0.957014,0.952489,0.947964,0.966063,0.961539,0.961538,0.959276,0.959276,0.961538,0.968326,0.966063,0.961539,0.963801,0.957014,0.966063,0.959276,0.961538,0.968326,0.968326,0.961538,0.968326,0.959276,0.966063,0.961538,0.968326,0.966063,0.966063
test accuracy:
0.970588

--------------------

model_config_25

experiment end time: 2017-06-02 10:52:59.267603

configuration:
conv1_kernel_size = [3, 3]
conv2_kernel_size = [7, 7]
conv1_num_filters = 16
conv2_num_filters = 32
dropout_rate = 0.2

step:
0,10,20,30,40,50,60,70,80,90,100,110,120,130,140,150,160,170,180,190,200,210,220,230,240,250,260,270,280,290,300,310,320,330,340,350,360,370,380,390,400,410,420,430,440,450,460,470,480,490,500
loss:
0.652907,0.272841,0.235208,0.216591,0.194574,0.181856,0.174333,0.151912,0.153925,0.138725,0.140324,0.147818,0.126478,0.131384,0.128331,0.129995,0.127513,0.145941,0.133127,0.123867,0.149277,0.134457,0.143704,0.138804,0.139506,0.134904,0.130788,0.1502,0.130871,0.139026,0.131964,0.153,0.138484,0.155832,0.161621,0.165467,0.159861,0.148581,0.161366,0.190956,0.157981,0.152429,0.162768,0.167722,0.153322,0.179992,0.196307,0.165007,0.181492,0.173739,0.20636
validation accuracy:
0.739819,0.891403,0.900453,0.914027,0.927602,0.927602,0.932127,0.941177,0.936652,0.952489,0.950226,0.936652,0.947964,0.945701,0.954751,0.961539,0.961539,0.950226,0.959276,0.966063,0.959276,0.961539,0.957014,0.959276,0.963801,0.966063,0.966063,0.959276,0.968326,0.966063,0.966063,0.968326,0.963801,0.963801,0.963801,0.966063,0.963801,0.966063,0.968326,0.957014,0.966063,0.970588,0.968326,0.970588,0.961538,0.968326,0.963801,0.968326,0.970588,0.966063,0.961539
test accuracy:
0.966063

--------------------

model_config_26

experiment end time: 2017-06-02 10:57:19.531338

configuration:
conv1_kernel_size = [3, 3]
conv2_kernel_size = [7, 7]
conv1_num_filters = 16
conv2_num_filters = 32
dropout_rate = 0.3

step:
0,10,20,30,40,50,60,70,80,90,100,110,120,130,140,150,160,170,180,190,200,210,220,230,240,250,260,270,280,290,300,310,320,330,340,350,360,370,380,390,400,410,420,430,440,450,460,470,480,490,500
loss:
0.535834,0.263837,0.218675,0.18676,0.161697,0.156516,0.140893,0.134641,0.140024,0.130387,0.132276,0.126399,0.117394,0.131782,0.131869,0.131818,0.138484,0.147022,0.125437,0.129625,0.119431,0.113618,0.124862,0.130719,0.121538,0.135945,0.138494,0.142367,0.170892,0.145648,0.180752,0.143699,0.150334,0.158936,0.144869,0.150263,0.156275,0.14581,0.166711,0.161989,0.171242,0.177734,0.283169,0.156962,0.176212,0.17092,0.174563,0.18412,0.171352,0.199574,0.15702
validation accuracy:
0.794118,0.900453,0.918552,0.927602,0.936652,0.941177,0.943439,0.950226,0.945701,0.952489,0.954751,0.959276,0.963801,0.961538,0.966063,0.966063,0.968326,0.963801,0.970588,0.963801,0.968326,0.970588,0.972851,0.970588,0.972851,0.972851,0.968326,0.966063,0.968326,0.972851,0.952489,0.968326,0.968326,0.975113,0.972851,0.970588,0.970588,0.975113,0.968326,0.970588,0.970588,0.968326,0.952489,0.970588,0.970588,0.972851,0.972851,0.968326,0.968326,0.972851,0.975113
test accuracy:
0.975113

--------------------

model_config_27

experiment end time: 2017-06-02 11:04:08.640304

configuration:
conv1_kernel_size = [3, 3]
conv2_kernel_size = [7, 7]
conv1_num_filters = 16
conv2_num_filters = 64
dropout_rate = 0.1

step:
0,10,20,30,40,50,60,70,80,90,100,110,120,130,140,150,160,170,180,190,200,210,220,230,240,250,260,270,280,290,300,310,320,330,340,350,360,370,380,390,400,410,420,430,440,450,460,470,480,490,500
loss:
1.09601,0.314574,0.27229,0.248483,0.22593,0.214203,0.20744,0.18673,0.184136,0.178963,0.169631,0.166643,0.151543,0.154124,0.142577,0.146675,0.13888,0.127823,0.133375,0.166876,0.147249,0.1275,0.121007,0.144497,0.141135,0.142347,0.139529,0.132041,0.144733,0.149394,0.155233,0.142283,0.161821,0.142745,0.148081,0.150457,0.163305,0.156692,0.144357,0.154042,0.137755,0.14463,0.175622,0.152735,0.138671,0.156033,0.182121,0.146323,0.156391,0.159965,0.196146
validation accuracy:
0.705882,0.877828,0.893665,0.893665,0.914027,0.923077,0.918552,0.934389,0.941177,0.936652,0.945701,0.941177,0.950226,0.947964,0.952489,0.952489,0.952489,0.961539,0.954751,0.952489,0.954751,0.963801,0.963801,0.957014,0.957014,0.961538,0.968326,0.972851,0.966063,0.963801,0.966063,0.975113,0.959276,0.966063,0.968326,0.970588,0.966063,0.968326,0.970588,0.975113,0.975113,0.975113,0.968326,0.972851,0.975113,0.972851,0.970588,0.979638,0.972851,0.975113,0.972851
test accuracy:
0.968326

--------------------

model_config_28

experiment end time: 2017-06-02 11:17:57.284654

configuration:
conv1_kernel_size = [3, 3]
conv2_kernel_size = [7, 7]
conv1_num_filters = 16
conv2_num_filters = 64
dropout_rate = 0.2

step:
0,10,20,30,40,50,60,70,80,90,100,110,120,130,140,150,160,170,180,190,200,210,220,230,240,250,260,270,280,290,300,310,320,330,340,350,360,370,380,390,400,410,420,430,440,450,460,470,480,490,500
loss:
1.10257,0.282012,0.23265,0.209434,0.182555,0.178156,0.159102,0.155307,0.144396,0.147944,0.121453,0.123266,0.118746,0.119048,0.12898,0.0995845,0.127104,0.124236,0.124021,0.104395,0.123441,0.125009,0.141503,0.112087,0.12596,0.118535,0.138458,0.130676,0.124763,0.174587,0.134314,0.11964,0.0966489,0.107204,0.116377,0.160552,0.120915,0.134551,0.136031,0.118308,0.121475,0.148317,0.185245,0.115436,0.133938,0.200705,0.136025,0.134179,0.134968,0.150973,0.178622
validation accuracy:
0.692308,0.900453,0.918552,0.91629,0.943439,0.938914,0.950226,0.945701,0.954751,0.950226,0.959276,0.961538,0.961538,0.961538,0.959276,0.972851,0.963801,0.966063,0.968326,0.975113,0.970588,0.963801,0.970588,0.975113,0.975113,0.975113,0.968326,0.963801,0.972851,0.961538,0.979638,0.972851,0.979638,0.977376,0.977376,0.966063,0.972851,0.975113,0.977376,0.975113,0.977376,0.975113,0.968326,0.977376,0.979638,0.961538,0.979638,0.979638,0.977376,0.979638,0.968326
test accuracy:
0.972851

--------------------

model_config_29

experiment end time: 2017-06-02 11:24:18.357871

configuration:
conv1_kernel_size = [3, 3]
conv2_kernel_size = [7, 7]
conv1_num_filters = 16
conv2_num_filters = 64
dropout_rate = 0.3

step:
0,10,20,30,40,50,60,70,80,90,100,110,120,130,140,150,160,170,180,190,200,210,220,230,240,250,260,270,280,290,300,310,320,330,340,350,360,370,380,390,400,410,420,430,440,450,460,470,480,490,500
loss:
0.801196,0.25255,0.215284,0.18806,0.179936,0.15856,0.185786,0.164921,0.187153,0.158164,0.13945,0.121776,0.136048,0.148483,0.132738,0.137968,0.138239,0.140522,0.131297,0.215647,0.15372,0.128764,0.176417,0.176491,0.151993,0.147692,0.159999,0.152243,0.166127,0.165381,0.1519,0.164049,0.174793,0.141965,0.159705,0.16915,0.167928,0.161086,0.166098,0.170627,0.15887,0.144898,0.181018,0.153782,0.147249,0.204851,0.169661,0.201907,0.189562,0.16254,0.164655
validation accuracy:
0.751131,0.904977,0.911765,0.929864,0.936652,0.936652,0.932127,0.941177,0.932127,0.941177,0.957014,0.966063,0.966063,0.966063,0.972851,0.966063,0.966063,0.968326,0.972851,0.952489,0.968326,0.972851,0.961538,0.959276,0.963801,0.970588,0.968326,0.970588,0.968326,0.970588,0.970588,0.963801,0.966063,0.970588,0.975113,0.966063,0.966063,0.963801,0.968326,0.972851,0.972851,0.977376,0.963801,0.977376,0.979638,0.963801,0.972851,0.968326,0.968326,0.970588,0.968326
test accuracy:
0.972851

--------------------

model_config_30

experiment end time: 2017-06-02 11:31:41.042745

configuration:
conv1_kernel_size = [3, 3]
conv2_kernel_size = [7, 7]
conv1_num_filters = 32
conv2_num_filters = 32
dropout_rate = 0.1

step:
0,10,20,30,40,50,60,70,80,90,100,110,120,130,140,150,160,170,180,190,200,210,220,230,240,250,260,270,280,290,300,310,320,330,340,350,360,370,380,390,400,410,420,430,440,450,460,470,480,490,500
loss:
0.79569,0.324115,0.265842,0.237149,0.211334,0.199946,0.179905,0.166607,0.156456,0.155054,0.142876,0.13939,0.132865,0.137802,0.124271,0.131088,0.137193,0.132348,0.138413,0.139938,0.163016,0.138341,0.14724,0.131963,0.13113,0.122074,0.165607,0.132147,0.144627,0.118265,0.137054,0.123104,0.129171,0.130918,0.128977,0.151655,0.140051,0.145789,0.148591,0.152266,0.143572,0.143865,0.168748,0.158415,0.171351,0.177065,0.157589,0.159394,0.178718,0.170635,0.161994
validation accuracy:
0.687783,0.859729,0.886878,0.900452,0.914027,0.927602,0.936652,0.932127,0.938914,0.938914,0.936652,0.943439,0.947964,0.943439,0.950226,0.952489,0.952489,0.952489,0.952489,0.959276,0.952489,0.959276,0.966063,0.963801,0.963801,0.966063,0.957014,0.966063,0.966063,0.966063,0.966063,0.968326,0.970588,0.968326,0.968326,0.970588,0.963801,0.970588,0.968326,0.966063,0.966063,0.970588,0.966063,0.968326,0.966063,0.966063,0.968326,0.968326,0.968326,0.968326,0.968326
test accuracy:
0.966063

--------------------

model_config_31

experiment end time: 2017-06-02 11:39:10.396242

configuration:
conv1_kernel_size = [3, 3]
conv2_kernel_size = [7, 7]
conv1_num_filters = 32
conv2_num_filters = 32
dropout_rate = 0.2

step:
0,10,20,30,40,50,60,70,80,90,100,110,120,130,140,150,160,170,180,190,200,210,220,230,240,250,260,270,280,290,300,310,320,330,340,350,360,370,380,390,400,410,420,430,440,450,460,470,480,490,500
loss:
0.808583,0.265542,0.22203,0.195422,0.177163,0.164143,0.153756,0.138013,0.13208,0.122415,0.122967,0.130318,0.119385,0.111426,0.111715,0.1322,0.107396,0.109748,0.116483,0.11984,0.113894,0.11537,0.109153,0.119221,0.127987,0.12618,0.140716,0.106311,0.112853,0.135621,0.114876,0.134177,0.120624,0.169971,0.103788,0.12158,0.144332,0.116258,0.129859,0.144762,0.125928,0.13171,0.115994,0.157085,0.139623,0.122469,0.132587,0.130419,0.133636,0.122011,0.140137
validation accuracy:
0.733032,0.895928,0.909502,0.932127,0.938914,0.938914,0.938914,0.947964,0.952489,0.950226,0.950226,0.947964,0.952489,0.963801,0.961538,0.950226,0.966063,0.970588,0.961539,0.963801,0.963801,0.966063,0.972851,0.970588,0.963801,0.968326,0.957014,0.975113,0.970588,0.966063,0.975113,0.968326,0.968326,0.957014,0.979638,0.968326,0.963801,0.968326,0.970588,0.963801,0.970588,0.968326,0.979638,0.963801,0.966063,0.975113,0.970588,0.970588,0.970588,0.977376,0.975113
test accuracy:
0.966063

--------------------

model_config_32

experiment end time: 2017-06-02 11:44:14.820596

configuration:
conv1_kernel_size = [3, 3]
conv2_kernel_size = [7, 7]
conv1_num_filters = 32
conv2_num_filters = 32
dropout_rate = 0.3

step:
0,10,20,30,40,50,60,70,80,90,100,110,120,130,140,150,160,170,180,190,200,210,220,230,240,250,260,270,280,290,300,310,320,330,340,350,360,370,380,390,400,410,420,430,440,450,460,470,480,490,500
loss:
0.900427,0.282673,0.22381,0.19182,0.168571,0.155808,0.157392,0.181692,0.151231,0.142326,0.15188,0.127907,0.164308,0.134642,0.137041,0.139299,0.143157,0.149536,0.149094,0.150744,0.147798,0.154563,0.148643,0.151441,0.155116,0.153719,0.156625,0.183329,0.15951,0.160916,0.174093,0.170474,0.145277,0.153388,0.161,0.169519,0.191586,0.177164,0.188802,0.260327,0.171257,0.182034,0.168697,0.16119,0.184908,0.199542,0.185007,0.169747,0.185274,0.180404,0.273968
validation accuracy:
0.69457,0.88914,0.914027,0.91629,0.923077,0.934389,0.932127,0.932127,0.938914,0.947964,0.941177,0.961538,0.945701,0.959276,0.959276,0.954751,0.954751,0.957014,0.957014,0.959276,0.959276,0.957014,0.954751,0.959276,0.961538,0.959276,0.963801,0.959276,0.963801,0.963801,0.961538,0.961538,0.952489,0.959276,0.966063,0.957014,0.961538,0.961539,0.961539,0.950226,0.966063,0.963801,0.970588,0.968326,0.966063,0.963801,0.966063,0.966063,0.963801,0.966063,0.959276
test accuracy:
0.970588

--------------------

model_config_33

experiment end time: 2017-06-02 11:53:57.694079

configuration:
conv1_kernel_size = [3, 3]
conv2_kernel_size = [7, 7]
conv1_num_filters = 32
conv2_num_filters = 64
dropout_rate = 0.1

step:
0,10,20,30,40,50,60,70,80,90,100,110,120,130,140,150,160,170,180,190,200,210,220,230,240,250,260,270,280,290,300,310,320,330,340,350,360,370,380,390,400,410,420,430,440,450,460,470,480,490,500
loss:
1.37164,0.294068,0.264581,0.227716,0.218541,0.203309,0.182432,0.177297,0.163693,0.166098,0.169185,0.159383,0.144791,0.141596,0.151419,0.132662,0.163764,0.144621,0.144719,0.12986,0.145972,0.132603,0.163405,0.128758,0.132773,0.12831,0.141336,0.114218,0.160693,0.168896,0.163363,0.146907,0.143242,0.12149,0.138405,0.156855,0.167878,0.131418,0.129915,0.144143,0.155522,0.158172,0.140241,0.181002,0.138065,0.171253,0.142088,0.148283,0.157285,0.182133,0.160426
validation accuracy:
0.687783,0.877828,0.895928,0.904978,0.90724,0.925339,0.936652,0.936652,0.941177,0.938914,0.929864,0.943439,0.945701,0.947964,0.936652,0.954751,0.938914,0.945701,0.950226,0.957014,0.954751,0.957014,0.945701,0.963801,0.963801,0.970588,0.959276,0.970588,0.957014,0.961538,0.961538,0.963801,0.972851,0.970588,0.970588,0.966063,0.963801,0.972851,0.975113,0.972851,0.966063,0.961538,0.970588,0.966063,0.975113,0.963801,0.975113,0.977376,0.970588,0.968326,0.972851
test accuracy:
0.963801

--------------------

model_config_34

experiment end time: 2017-06-02 12:01:09.955303

configuration:
conv1_kernel_size = [3, 3]
conv2_kernel_size = [7, 7]
conv1_num_filters = 32
conv2_num_filters = 64
dropout_rate = 0.2

step:
0,10,20,30,40,50,60,70,80,90,100,110,120,130,140,150,160,170,180,190,200,210,220,230,240,250,260,270,280,290,300,310,320,330,340,350,360,370,380,390,400,410,420,430,440,450,460,470,480,490,500
loss:
1.14262,0.258242,0.221008,0.199353,0.178923,0.163083,0.146728,0.149829,0.140894,0.124962,0.118648,0.155803,0.153519,0.134514,0.123807,0.114727,0.150135,0.124848,0.115713,0.130911,0.137269,0.12328,0.1382,0.154836,0.134801,0.133165,0.119903,0.142462,0.145105,0.121742,0.134193,0.139628,0.135034,0.15956,0.147824,0.145156,0.125113,0.147165,0.167948,0.137849,0.147541,0.152729,0.175007,0.129712,0.146765,0.281467,0.143719,0.153766,0.141605,0.143139,0.173797
validation accuracy:
0.746606,0.895928,0.909502,0.925339,0.918552,0.945701,0.941177,0.947964,0.952489,0.954751,0.957014,0.941177,0.954751,0.963801,0.968326,0.961538,0.959276,0.970588,0.968326,0.968326,0.966063,0.968326,0.968326,0.970588,0.961538,0.959276,0.959276,0.972851,0.970588,0.968326,0.970588,0.975113,0.970588,0.961538,0.972851,0.970588,0.968326,0.970588,0.968326,0.968326,0.975113,0.970588,0.966063,0.968326,0.966063,0.966063,0.963801,0.972851,0.970588,0.972851,0.970588
test accuracy:
0.968326

--------------------

model_config_35

experiment end time: 2017-06-02 12:10:59.648748

configuration:
conv1_kernel_size = [3, 3]
conv2_kernel_size = [7, 7]
conv1_num_filters = 32
conv2_num_filters = 64
dropout_rate = 0.3

step:
0,10,20,30,40,50,60,70,80,90,100,110,120,130,140,150,160,170,180,190,200,210,220,230,240,250,260,270,280,290,300,310,320,330,340,350,360,370,380,390,400,410,420,430,440,450,460,470,480,490,500
loss:
1.00508,0.245846,0.214331,0.180203,0.154464,0.143815,0.181588,0.16302,0.143861,0.124817,0.125741,0.117848,0.125643,0.129505,0.117246,0.125552,0.139185,0.134337,0.14002,0.133043,0.138704,0.128899,0.135082,0.150601,0.149336,0.130704,0.143432,0.179004,0.15076,0.138898,0.176747,0.182403,0.141595,0.165741,0.155313,0.167557,0.129317,0.134612,0.149752,0.15808,0.184296,0.154424,0.150513,0.164214,0.151113,0.163946,0.143769,0.155673,0.142178,0.150625,0.142206
validation accuracy:
0.739819,0.902715,0.911765,0.927602,0.932127,0.941176,0.932127,0.934389,0.947964,0.954751,0.952489,0.959276,0.966063,0.961538,0.959276,0.961538,0.961538,0.961538,0.963801,0.963801,0.968326,0.966063,0.963801,0.963801,0.966063,0.966063,0.961538,0.970588,0.968326,0.968326,0.959276,0.957014,0.968326,0.968326,0.961538,0.970588,0.968326,0.977376,0.968326,0.966063,0.966063,0.968326,0.975113,0.975113,0.975113,0.963801,0.970588,0.972851,0.970588,0.970588,0.970588
test accuracy:
0.959276

--------------------

model_config_36

experiment end time: 2017-06-02 12:20:55.672758

configuration:
conv1_kernel_size = [5, 5]
conv2_kernel_size = [3, 3]
conv1_num_filters = 16
conv2_num_filters = 32
dropout_rate = 0.1

step:
0,10,20,30,40,50,60,70,80,90,100,110,120,130,140,150,160,170,180,190,200,210,220,230,240,250,260,270,280,290,300,310,320,330,340,350,360,370,380,390,400,410,420,430,440,450,460,470,480,490,500
loss:
0.701312,0.35278,0.307093,0.27803,0.247661,0.236436,0.223156,0.20521,0.202543,0.193427,0.185567,0.176757,0.167367,0.168184,0.15339,0.15496,0.150606,0.145426,0.156921,0.144184,0.142328,0.142058,0.139905,0.146786,0.132423,0.134487,0.137231,0.142675,0.141236,0.141131,0.132424,0.141283,0.14491,0.144445,0.145344,0.150962,0.171493,0.160818,0.166595,0.153714,0.147916,0.139523,0.143941,0.142486,0.160457,0.148302,0.161301,0.179297,0.164778,0.201674,0.163059
validation accuracy:
0.687783,0.857466,0.868778,0.886878,0.893665,0.895928,0.902715,0.918552,0.91629,0.920815,0.932127,0.941177,0.938914,0.936652,0.947964,0.943439,0.943439,0.945701,0.941177,0.952489,0.952489,0.950226,0.950226,0.950226,0.954751,0.954751,0.954751,0.959276,0.957014,0.963801,0.963801,0.959276,0.957014,0.959276,0.959276,0.961538,0.957014,0.959276,0.961538,0.963801,0.968326,0.963801,0.966063,0.963801,0.963801,0.963801,0.963801,0.959276,0.963801,0.959276,0.961538
test accuracy:
0.968326

--------------------

model_config_37

experiment end time: 2017-06-02 12:31:42.520520

configuration:
conv1_kernel_size = [5, 5]
conv2_kernel_size = [3, 3]
conv1_num_filters = 16
conv2_num_filters = 32
dropout_rate = 0.2

step:
0,10,20,30,40,50,60,70,80,90,100,110,120,130,140,150,160,170,180,190,200,210,220,230,240,250,260,270,280,290,300,310,320,330,340,350,360,370,380,390,400,410,420,430,440,450,460,470,480,490,500
loss:
0.671789,0.317808,0.261266,0.233379,0.203747,0.203032,0.181996,0.177446,0.168798,0.15315,0.160704,0.155083,0.14549,0.139401,0.14187,0.139288,0.142987,0.148863,0.147975,0.141446,0.155635,0.128086,0.140045,0.134357,0.127323,0.14513,0.141566,0.152345,0.16286,0.145445,0.16151,0.156886,0.13032,0.142666,0.162865,0.136895,0.144274,0.164016,0.151842,0.163718,0.150566,0.149546,0.164063,0.151141,0.145636,0.160623,0.147761,0.159935,0.153228,0.15686,0.180324
validation accuracy:
0.69457,0.882353,0.891403,0.909502,0.923077,0.911765,0.927602,0.920815,0.925339,0.929864,0.932127,0.929864,0.941177,0.938914,0.941177,0.945701,0.950226,0.947964,0.950226,0.950226,0.950226,0.952489,0.954751,0.957014,0.957014,0.954751,0.959276,0.957014,0.952489,0.954751,0.954751,0.957014,0.961538,0.968326,0.966063,0.966063,0.959276,0.957014,0.961539,0.957014,0.959276,0.966063,0.957014,0.961538,0.959276,0.963801,0.959276,0.961538,0.959276,0.961539,0.961539
test accuracy:
0.963801

--------------------

