model_config_1

experiment end time: 2017-06-04 16:05:01.847933

configuration:
2 conv, 2 pool

step:
0,10,20,30,40,50,60,70,80,90,100,110,120,130,140,150,160,170,180,190,200,210,220,230,240,250
loss:
0.518231,0.280565,0.201243,0.175257,0.165765,0.152313,0.158944,0.180896,0.149638,0.156605,0.143491,0.170893,0.146222,0.143997,0.146702,0.148731,0.158489,0.15529,0.159491,0.163898,0.162453,0.165056,0.162634,0.177947,0.172263,0.174831
validation accuracy:
0.755656,0.884615,0.923077,0.932127,0.938914,0.941177,0.943439,0.934389,0.950226,0.943439,0.950226,0.950226,0.950226,0.952489,0.950226,0.952489,0.952489,0.950226,0.950226,0.954751,0.952489,0.952489,0.954751,0.954751,0.952489,0.954751
test accuracy:
0.954751

--------------------

model_config_2

experiment end time: 2017-06-04 16:14:07.962984

configuration:
1 conv, 1 pool

step:
0,10,20,30,40,50,60,70,80,90,100,110,120,130,140,150,160,170,180,190,200,210,220,230,240,250
loss:
0.625762,0.257078,0.225339,0.200389,0.170023,0.157022,0.149766,0.160178,0.156172,0.191534,0.157305,0.155287,0.189135,0.194533,0.15007,0.188276,0.182066,0.204511,0.141222,0.145519,0.17152,0.244882,0.24387,0.192844,0.164626,0.171656
validation accuracy:
0.719457,0.89819,0.909502,0.920815,0.936652,0.936652,0.936652,0.934389,0.934389,0.925339,0.938914,0.938914,0.936652,0.938914,0.947964,0.938914,0.947964,0.934389,0.954751,0.947964,0.950226,0.941177,0.932127,0.950226,0.954751,0.952489
test accuracy:
0.959276

--------------------

model_config_3

experiment end time: 2017-06-04 16:17:23.318175

configuration:
3 conv, 3 pool

step:
0,10,20,30,40,50,60,70,80,90,100,110,120,130,140,150,160,170,180,190,200,210,220,230,240,250
loss:
0.537064,0.291898,0.227374,0.172946,0.165952,0.194264,0.187452,0.231474,0.208768,0.142368,0.147835,0.144436,0.14959,0.152363,0.152851,0.14695,0.163114,0.164844,0.16482,0.171553,0.167675,0.174352,0.170355,0.17633,0.181552,0.181804
validation accuracy:
0.760181,0.895928,0.914027,0.925339,0.936652,0.929864,0.934389,0.925339,0.936652,0.945701,0.957014,0.954751,0.952489,0.952489,0.954751,0.954751,0.954751,0.954751,0.954751,0.954751,0.952489,0.954751,0.957014,0.954751,0.954751,0.954751
test accuracy:
0.963801

--------------------

model_config_4

experiment end time: 2017-06-04 16:23:52.683882

configuration:
4 conv, 4 pool

step:
0,10,20,30,40,50,60,70,80,90,100,110,120,130,140,150,160,170,180,190,200,210,220,230,240,250
loss:
0.82988,0.269848,0.183484,0.165162,0.151623,0.202139,0.184404,0.158964,0.188061,0.158199,0.168456,0.168313,0.173472,0.176034,0.177681,0.183706,0.18384,0.18491,0.190455,0.188494,0.197755,0.198717,0.204026,0.204059,0.230872,0.20115
validation accuracy:
0.766968,0.900453,0.927602,0.943439,0.945701,0.934389,0.938914,0.945701,0.927602,0.945701,0.947964,0.950226,0.950226,0.950226,0.945701,0.945701,0.952489,0.947964,0.947964,0.952489,0.947964,0.947964,0.950226,0.947964,0.943439,0.950226
test accuracy:
0.954751

--------------------

model_config_5

experiment end time: 2017-06-04 16:30:41.357816

configuration:
2 straight conv + 1 conv, 2 pool

step:
0,10,20,30,40,50,60,70,80,90,100,110,120,130,140,150,160,170,180,190,200,210,220,230,240,250
loss:
1.96174,0.292249,0.176373,0.196466,0.180779,0.203168,0.148134,0.159703,0.17059,0.163897,0.164526,0.166386,0.181854,0.197218,0.186413,0.199432,0.190531,0.188074,0.195787,0.191008,0.202562,0.192465,0.218356,0.219887,0.214977,0.215785
validation accuracy:
0.680996,0.900453,0.934389,0.934389,0.936652,0.920815,0.945701,0.945701,0.943439,0.941177,0.945701,0.947964,0.947964,0.943439,0.945701,0.941177,0.950226,0.945701,0.945701,0.943439,0.943439,0.945701,0.945701,0.947964,0.945701,0.943439
test accuracy:
0.963801

--------------------

model_config_6

experiment end time: 2017-06-04 16:49:19.914903

configuration:
3 straight conv, 1 pool

step:
0,10,20,30,40,50,60,70,80,90,100,110,120,130,140,150,160,170,180,190,200,210,220,230,240,250
loss:
1.2476,0.296816,0.260837,0.288229,0.210556,0.19862,0.216231,0.205902,0.211041,0.208786,0.212032,0.230287,0.23184,0.220746,0.23006,0.225755,0.234293,0.229182,0.227311,0.233582,0.246062,0.243296,0.238462,0.256575,0.287988,0.245201
validation accuracy:
0.748869,0.90724,0.925339,0.923077,0.941177,0.941177,0.950226,0.947964,0.950226,0.947964,0.950226,0.952489,0.952489,0.947964,0.950226,0.952489,0.952489,0.952489,0.952489,0.952489,0.950226,0.950226,0.950226,0.947964,0.945701,0.950226
test accuracy:
0.954751

--------------------

