28_new_architecture_1

experiment end time: 2017-06-04 00:29:27.326294

configuration:
2 conv, 2 pool

step:
0,10,20,30,40,50,60,70,80,90,100,110,120,130,140,150,160,170,180,190,200,210,220,230,240,250,260,270,280,290,300,310,320,330,340,350,360,370,380,390,400,410,420,430,440,450,460,470,480,490,500
loss:
0.567083,0.242949,0.18994,0.156402,0.145626,0.135939,0.137722,0.155201,0.152132,0.215711,0.263575,0.277735,0.144768,0.151017,0.148901,0.157364,0.156005,0.15342,0.156797,0.162639,0.163844,0.163122,0.170267,0.172291,0.177166,0.181425,0.178291,0.185817,0.178917,0.185021,0.18781,0.189971,0.192895,0.195525,0.192052,0.192077,0.198686,0.204315,0.189118,0.203889,0.198674,0.20829,0.204862,0.265495,0.160541,0.166911,0.172557,0.179688,0.175456,0.184798,0.17929
validation accuracy:
0.742082,0.902715,0.918552,0.947964,0.950226,0.957014,0.961538,0.952489,0.954751,0.929864,0.920815,0.923077,0.963801,0.963801,0.961538,0.963801,0.963801,0.966063,0.966063,0.966063,0.963801,0.966063,0.966063,0.963801,0.963801,0.966063,0.966063,0.959276,0.966063,0.966063,0.966063,0.966063,0.963801,0.963801,0.966063,0.968326,0.968326,0.966063,0.968326,0.966063,0.966063,0.963801,0.966063,0.961539,0.963801,0.963801,0.963801,0.963801,0.963801,0.966063,0.963801
test accuracy:
0.975113

--------------------

28_new_architecture_2

experiment end time: 2017-06-04 00:37:20.170217

configuration:
1 conv, 1 pool

step:
0,10,20,30,40,50,60,70,80,90,100,110,120,130,140,150,160,170,180,190,200,210,220,230,240,250,260,270,280,290,300,310,320,330,340,350,360,370,380,390,400,410,420,430,440,450,460,470,480,490,500
loss:
0.522098,0.237208,0.19264,0.172964,0.158642,0.160844,0.145492,0.150895,0.148774,0.166827,0.144391,0.169781,0.197611,0.234587,0.283861,0.320222,0.264693,0.302189,0.250143,0.187101,0.17648,0.178405,0.182832,0.188641,0.188679,0.186263,0.190146,0.198742,0.187164,0.194733,0.190043,0.199919,0.200113,0.203255,0.193587,0.198072,0.198678,0.207775,0.214983,0.206869,0.201994,0.227375,0.220371,0.212891,0.212345,0.222184,0.206705,0.213197,0.198908,0.222958,0.219297
validation accuracy:
0.782806,0.918552,0.932127,0.938914,0.941177,0.943439,0.954751,0.950226,0.957014,0.952489,0.961539,0.947964,0.938914,0.920815,0.925339,0.920815,0.925339,0.925339,0.945701,0.961538,0.966063,0.963801,0.966063,0.963801,0.966063,0.966063,0.963801,0.968326,0.968326,0.966063,0.968326,0.966063,0.968326,0.966063,0.970588,0.963801,0.963801,0.966063,0.966063,0.968326,0.968326,0.966063,0.968326,0.970588,0.968326,0.961539,0.966063,0.966063,0.970588,0.959276,0.968326
test accuracy:
0.954751

--------------------

28_new_architecture_3

experiment end time: 2017-06-04 00:42:41.248189

configuration:
3 conv, 3 pool

step:
0,10,20,30,40,50,60,70,80,90,100,110,120,130,140,150,160,170,180,190,200,210,220,230,240,250,260,270,280,290,300,310,320,330,340,350,360,370,380,390,400,410,420,430,440,450,460,470,480,490,500
loss:
0.645053,0.237214,0.175187,0.149575,0.152964,0.120076,0.122863,0.147275,0.146278,0.139253,0.21812,0.269424,0.118324,0.110848,0.113471,0.11532,0.121686,0.123477,0.123258,0.117082,0.118411,0.134445,0.123204,0.129776,0.110742,0.119813,0.130327,0.135906,0.134492,0.130322,0.136959,0.131109,0.134182,0.130984,0.123085,0.142867,0.135438,0.137711,0.144059,0.14196,0.21363,0.112405,0.108325,0.110086,0.111161,0.116193,0.114879,0.124149,0.120708,0.118542,0.122717
validation accuracy:
0.757919,0.904977,0.925339,0.938914,0.941177,0.952489,0.957014,0.947964,0.952489,0.954751,0.934389,0.927602,0.961538,0.968326,0.970588,0.970588,0.968326,0.970588,0.970588,0.972851,0.972851,0.968326,0.970588,0.968326,0.975113,0.975113,0.970588,0.968326,0.970588,0.972851,0.970588,0.970588,0.970588,0.970588,0.975113,0.972851,0.970588,0.972851,0.972851,0.975113,0.966063,0.968326,0.970588,0.970588,0.970588,0.968326,0.972851,0.972851,0.970588,0.972851,0.970588
test accuracy:
0.972851

--------------------

28_new_architecture_4

experiment end time: 2017-06-04 09:32:15.815624

configuration:
4 conv, 4 pool

step:
0,10,20,30,40,50,60,70,80,90,100,110,120,130,140,150,160,170,180,190,200,210,220,230,240,250,260,270,280,290,300,310,320,330,340,350,360,370,380,390,400,410,420,430,440,450,460,470,480,490,500
loss:
0.486919,0.220328,0.162348,0.124787,0.126008,0.125864,0.125416,0.179813,0.217341,0.222737,0.344907,0.136201,0.164301,0.139945,0.140849,0.147073,0.139065,0.145399,0.148731,0.150029,0.153554,0.184336,0.144198,0.149077,0.155199,0.160614,0.155614,0.164698,0.164111,0.166281,0.158976,0.162654,0.165372,0.162209,0.1691,0.17388,0.175536,0.17548,0.181195,0.179401,0.177704,0.181572,0.158265,0.16477,0.161916,0.169723,0.168929,0.165813,0.168231,0.17183,0.171925
validation accuracy:
0.807692,0.909502,0.941176,0.957014,0.957014,0.959276,0.957014,0.943439,0.936652,0.943439,0.918552,0.963801,0.963801,0.968326,0.968326,0.968326,0.968326,0.966063,0.970588,0.970588,0.968326,0.959276,0.968326,0.968326,0.968326,0.966063,0.968326,0.963801,0.966063,0.968326,0.966063,0.966063,0.966063,0.968326,0.966063,0.968326,0.968326,0.966063,0.966063,0.966063,0.963801,0.966063,0.959276,0.963801,0.963801,0.968326,0.968326,0.963801,0.961539,0.966063,0.961539
test accuracy:
0.966063

--------------------

28_new_architecture_5

experiment end time: 2017-06-04 09:42:52.423118

configuration:
2 straight conv + 1 conv, 2 pool

step:
0,10,20,30,40,50,60,70,80,90,100,110,120,130,140,150,160,170,180,190,200,210,220,230,240,250,260,270,280,290,300,310,320,330,340,350,360,370,380,390,400,410,420,430,440,450,460,470,480,490,500
loss:
0.910726,0.271395,0.224341,0.17564,0.168361,0.20344,0.269033,0.284118,0.145937,0.148085,0.142728,0.155529,0.164055,0.165252,0.158463,0.168022,0.16636,0.164405,0.170923,0.170324,0.16765,0.184132,0.163372,0.194464,0.170153,0.171537,0.184804,0.178865,0.183527,0.179303,0.178938,0.176074,0.171904,0.173953,0.181824,0.186797,0.19029,0.181865,0.175024,0.2123,0.134396,0.132031,0.133582,0.138013,0.146828,0.150485,0.149473,0.147336,0.150006,0.140844,0.151472
validation accuracy:
0.744344,0.904978,0.920815,0.941177,0.936652,0.934389,0.925339,0.927602,0.961539,0.959276,0.959276,0.959276,0.961538,0.961538,0.963801,0.961538,0.963801,0.966063,0.963801,0.966063,0.963801,0.968326,0.970588,0.961538,0.970588,0.972851,0.970588,0.968326,0.970588,0.975113,0.975113,0.975113,0.970588,0.975113,0.975113,0.972851,0.968326,0.972851,0.972851,0.925339,0.963801,0.963801,0.968326,0.970588,0.968326,0.966063,0.966063,0.970588,0.970588,0.970588,0.970588
test accuracy:
0.968326

--------------------

28_new_architecture_6

experiment end time: 2017-06-04 09:53:41.784999

configuration:
3 straight conv, 1 pool

step:
0,10,20,30,40,50,60,70,80,90,100,110,120,130,140,150,160,170,180,190,200,210,220,230,240,250,260,270,280,290,300,310,320,330,340,350,360,370,380,390,400,410,420,430,440,450,460,470,480,490,500
loss:
0.873688,0.222516,0.189552,0.157547,0.211209,0.312268,0.136534,0.137009,0.139659,0.157841,0.144191,0.139909,0.149074,0.141503,0.152804,0.14851,0.15058,0.164034,0.143146,0.172194,0.137137,0.15426,0.162591,0.155828,0.164474,0.152982,0.170994,0.155045,0.164892,0.171367,0.173461,0.155257,0.163631,0.170977,0.179215,0.18048,0.181539,0.152517,0.146574,0.128127,0.140066,0.142879,0.156244,0.144456,0.155421,0.150851,0.148188,0.157141,0.151883,0.143719,0.154962
validation accuracy:
0.72172,0.925339,0.941177,0.950226,0.932127,0.91629,0.966063,0.961539,0.961539,0.961539,0.968326,0.970588,0.968326,0.970588,0.961539,0.970588,0.966063,0.970588,0.970588,0.963801,0.972851,0.970588,0.968326,0.970588,0.968326,0.970588,0.968326,0.970588,0.970588,0.970588,0.968326,0.972851,0.970588,0.970588,0.968326,0.970588,0.968326,0.972851,0.966063,0.968326,0.968326,0.968326,0.966063,0.968326,0.966063,0.970588,0.970588,0.970588,0.970588,0.972851,0.968326
test accuracy:
0.972851

--------------------

